Routes for this network:
0 1 2 3 
0 1 3 
0 2 1 3 
0 2 3 

1 0 2 3 
1 2 3 
1 3 

2 0 1 3 
2 1 3 
2 3 

1 0 2 
1 2 
1 3 2 

Maintenance StartTime
0 4
1 15
2 4
ArcFlowsAll_t,v,w
0 1.13573 8.86427 0 
0 0 6.4755 8.96244 
0 2.3022 0 10.5621 
0 0 0.524504 0 

0 1.13407 8.86593 0 
0 0 6.48738 8.94643 
0 2.29973 0 10.5662 
0 0 0.512625 0 

0 1.13274 8.86726 0 
0 0 6.49879 8.93178 
0 2.29783 0 10.5694 
0 0 0.501209 0 

0 1.13169 8.86831 0 
0 0 6.50977 8.91834 
0 2.29641 0 10.5719 
0 0 0.490229 0 

0 0 10 0 
0 0 0 12.6876 
0 0.687587 0 13.3124 
0 0 7 0 

0 0 10 0 
0 0 0 12.6876 
0 0.687587 0 13.3124 
0 0 7 0 

0 0 10 0 
0 0 0 12.6876 
0 0.687587 0 13.3124 
0 0 7 0 

0 0 10 0 
0 0 0 12.6876 
0 0.687587 0 13.3124 
0 0 7 0 

0 0 10 0 
0 0 0 12.6876 
0 0.687587 0 13.3124 
0 0 7 0 

0 0 10 0 
0 0 0 12.6876 
0 0.687587 0 13.3124 
0 0 7 0 

0 0 10 0 
0 0 0 12.6876 
0 0.687587 0 13.3124 
0 0 7 0 

0 0 10 0 
0 0 0 12.6876 
0 0.687587 0 13.3124 
0 0 7 0 

0 0 10 0 
0 0 0 12.6876 
0 0.687587 0 13.3124 
0 0 7 0 

0 0 10 0 
0 0 0 12.6876 
0 0.687587 0 13.3124 
0 0 7 0 

0 2.36962 8.3154 0 
0.522606 0 3.35974 12.6842 
0.162412 2.19688 0 10.7786 
0 0 4.46275 0 

0 10 0 0 
0 0 11.5969 11.2228 
0 0.819635 0 12.3152 
0 0 4.53794 0 

0 10 0 0 
0 0 11.1251 11.712 
0 0.8371 0 11.5589 
0 0 4.27096 0 

0 10 0 0 
0 0 10.9085 11.986 
0 0.894472 0 11.1171 
0 0 4.1031 0 

0 10 0 0 
0 0 10.7961 12.1788 
0 0.974889 0 10.7965 
0 0 3.97536 0 

0 10 0 0 
0 0 10.7419 12.3286 
0 1.07051 0 10.5391 
0 0 3.86771 0 

0 10 0 0 
0 0 10.7258 12.4507 
0 1.17644 0 10.3197 
0 0 3.77039 0 

0 10 0 0 
0 0 10.7369 12.5522 
0 1.28912 0 10.1255 
0 0 3.67769 0 

0 10 0 0 
0 0 10.7689 12.6368 
0 1.40574 0 9.94909 
0 0 3.58592 0 

0 10 0 0 
0 0 10.8174 12.7066 
0 1.52395 0 9.78596 
0 0 3.49251 0 

0 10 0 0 
0 0 10.8792 12.7626 
0 1.64182 0 9.63302 
0 0 3.39567 0 

0 10 0 0 
0 0 10.9516 12.8061 
0 1.75769 0 9.48806 
0 0 3.29412 0 

0 10 0 0 
0 0 11.0326 12.8377 
0 1.87026 0 9.34936 
0 0 3.18705 0 

0 10 0 0 
0 0 11.12 12.8585 
0 1.9785 0 9.21552 
0 0 3.07402 0 

0 10 0 0 
0 0 11.2121 12.8696 
0 2.08166 0 9.08539 
0 0 2.95499 0 

0 10 0 0 
0 0 11.3071 12.8722 
0 2.17924 0 8.95802 
0 0 2.83021 0 

0 10 0 0 
0 0 11.4034 12.8676 
0 2.27099 0 8.83269 
0 0 2.70025 0 

0 10 0 0 
0 0 11.4998 12.857 
0 2.35683 0 8.70889 
0 0 2.56593 0 

0 10 0 0 
0 0 11.5949 12.842 
0 2.43685 0 8.58631 
0 0 2.42831 0 

0 10 0 0 
0 0 11.6876 12.8237 
0 2.51125 0 8.46491 
0 0 2.2886 0 

0 10 0 0 
0 0 11.777 12.8033 
0 2.58031 0 8.34478 
0 0 2.14808 0 

RecurrentPathTraffic_t,od,path
0 0.908584 1.05595 6.03547 0 0 4 0 0.785813 2.41419 0 5.1804 0.419603 
0 0.906927 1.05461 6.03846 0 0 4 0 0.784685 2.41532 0 5.19228 0.407724 
0 0.905596 1.05358 6.04082 0 0 4 0 0.783805 2.4162 0 5.20369 0.396309 
0 0.904548 1.05283 6.04262 0 0 4 0 0.783141 2.41686 0 5.21467 0.385329 
0 0 0 8 0 0 4 0 0 3.2 0 0 5.6 
0 0 0 8 0 0 4 0 0 3.2 0 0 5.6 
0 0 0 8 0 0 4 0 0 3.2 0 0 5.6 
0 0 0 8 0 0 4 0 0 3.2 0 0 5.6 
0 0 0 8 0 0 4 0 0 3.2 0 0 5.6 
0 0 0 8 0 0 4 0 0 3.2 0 0 5.6 
0 0 0 8 0 0 4 0 0 3.2 0 0 5.6 
0 0 0 8 0 0 4 0 0 3.2 0 0 5.6 
0 0 0 8 0 0 4 0 0 3.2 0 0 5.6 
0 0 0 8 0 0 4 0 0 3.2 0 0 5.6 
0.870031 1.11003 1.35003 4.66991 0.0975278 0.377528 3.52494 0.162412 0.386412 2.65118 0.425078 0.817078 4.35784 
6.92165 1.07835 0 0 0 0.44031 3.55969 0 0.359194 2.84081 0 1.16696 4.43304 
5.57546 2.42454 0 0 0 1.04772 2.95228 0 0.37666 2.82334 0 1.43394 4.16606 
4.81909 3.18091 0 0 0 1.41964 2.58036 0 0.434032 2.76597 0 1.6018 3.9982 
4.3073 3.6927 0 0 0 1.69127 2.30873 0 0.514448 2.68555 0 1.72954 3.87046 
3.9307 4.0693 0 0 0 1.90606 2.09394 0 0.61007 2.58993 0 1.83719 3.76281 
3.63908 4.36092 0 0 0 2.08422 1.91578 0 0.716 2.484 0 1.93451 3.66549 
3.4048 4.5952 0 0 0 2.23696 1.76304 0 0.828681 2.37132 0 2.02721 3.57279 
3.21078 4.78922 0 0 0 2.3712 1.6288 0 0.945296 2.2547 0 2.11898 3.48102 
3.04555 4.95445 0 0 0 2.49151 1.50849 0 1.06351 2.13649 0 2.21239 3.38761 
2.90095 5.09905 0 0 0 2.60104 1.39896 0 1.18137 2.01863 0 2.30923 3.29077 
2.77087 5.22913 0 0 0 2.70203 1.29797 0 1.29725 1.90275 0 2.41078 3.18922 
2.65067 5.34933 0 0 0 2.7961 1.2039 0 1.40982 1.79018 0 2.51786 3.08214 
2.53677 5.46323 0 0 0 2.8844 1.1156 0 1.51806 1.68194 0 2.63088 2.96912 
2.42644 5.57356 0 0 0 2.96774 1.03226 0 1.62121 1.57879 0 2.74991 2.85009 
2.31771 5.68229 0 0 0 3.0467 0.953302 0 1.7188 1.4812 0 2.87469 2.72531 
2.2092 5.7908 0 0 0 3.12162 0.878376 0 1.81055 1.38945 0 3.00466 2.59534 
2.10012 5.89988 0 0 0 3.19274 0.807256 0 1.89639 1.30361 0 3.13897 2.46103 
1.99014 6.00986 0 0 0 3.26017 0.739826 0 1.97641 1.22359 0 3.27659 2.32341 
1.87934 6.12066 0 0 0 3.32397 0.676035 0 2.05081 1.14919 0 3.41631 2.18369 
1.7681 6.2319 0 0 0 3.38413 0.615873 0 2.11987 1.08013 0 3.55682 2.04318 
1981.06