Routes for this network:
0 1 2 3 
0 1 3 
0 2 1 3 
0 2 3 

1 0 2 3 
1 2 3 
1 3 

2 0 1 3 
2 1 3 
2 3 

1 0 2 
1 2 
1 3 2 

Maintenance StartTime
0 35
1 15
2 35
ArcFlowsAll_t,v,w
0 1.13573 8.86427 0 
0 0 6.4755 8.96244 
0 2.3022 0 10.5621 
0 0 0.524504 0 

0 1.13556 8.86444 0 
0 0 6.47668 8.96084 
0 2.30196 0 10.5625 
0 0 0.523316 0 

0 1.1354 8.8646 0 
0 0 6.47787 8.95925 
0 2.30171 0 10.5629 
0 0 0.522133 0 

0 1.13524 8.86476 0 
0 0 6.47905 8.95768 
0 2.30148 0 10.5633 
0 0 0.520954 0 

0 1.13509 8.86491 0 
0 0 6.48022 8.95612 
0 2.30125 0 10.5637 
0 0 0.51978 0 

0 1.13493 8.86507 0 
0 0 6.48139 8.95457 
0 2.30102 0 10.564 
0 0 0.518611 0 

0 1.13478 8.86522 0 
0 0 6.48255 8.95303 
0 2.3008 0 10.5644 
0 0 0.517446 0 

0 1.13464 8.86536 0 
0 0 6.48371 8.95151 
0 2.30059 0 10.5648 
0 0 0.516286 0 

0 1.13449 8.86551 0 
0 0 6.48487 8.95001 
0 2.30038 0 10.5651 
0 0 0.51513 0 

0 1.13435 8.86565 0 
0 0 6.48602 8.94851 
0 2.30018 0 10.5655 
0 0 0.513978 0 

0 1.13422 8.86578 0 
0 0 6.48717 8.94703 
0 2.29998 0 10.5658 
0 0 0.512831 0 

0 1.13408 8.86592 0 
0 0 6.48831 8.94555 
0 2.29979 0 10.5661 
0 0 0.511689 0 

0 1.13395 8.86605 0 
0 0 6.48945 8.9441 
0 2.2996 0 10.5665 
0 0 0.510551 0 

0 1.13382 8.86618 0 
0 0 6.49058 8.94265 
0 2.29941 0 10.5668 
0 0 0.509417 0 

0 1.13369 8.86631 0 
0 0 6.49171 8.94121 
0 2.29923 0 10.5671 
0 0 0.508288 0 

0 10 0 0 
0 0 8.21942 15.02 
0 1.23941 0 4.53344 
0 0 0.553434 0 

0 10 0 0 
0 0 8.34382 14.9378 
0 1.28161 0 4.63477 
0 0 0.572565 0 

0 10 0 0 
0 0 8.46084 14.861 
0 1.32182 0 4.7296 
0 0 0.590581 0 

0 10 0 0 
0 0 8.57117 14.789 
0 1.3602 0 4.81848 
0 0 0.607511 0 

0 10 0 0 
0 0 8.67541 14.7215 
0 1.39693 0 4.90187 
0 0 0.623385 0 

0 10 0 0 
0 0 8.77409 14.658 
0 1.43212 0 4.98021 
0 0 0.638231 0 

0 10 0 0 
0 0 8.86768 14.5982 
0 1.4659 0 5.05386 
0 0 0.652077 0 

0 10 0 0 
0 0 8.9566 14.5418 
0 1.49839 0 5.12316 
0 0 0.664951 0 

0 10 0 0 
0 0 9.04121 14.4885 
0 1.52967 0 5.18842 
0 0 0.676878 0 

0 10 0 0 
0 0 9.12186 14.438 
0 1.55983 0 5.24992 
0 0 0.687884 0 

0 10 0 0 
0 0 9.19885 14.3901 
0 1.58895 0 5.3079 
0 0 0.697993 0 

0 10 0 0 
0 0 9.27244 14.3447 
0 1.61709 0 5.36258 
0 0 0.707229 0 

0 10 0 0 
0 0 9.34289 14.3014 
0 1.64433 0 5.41417 
0 0 0.715613 0 

0 10 0 0 
0 0 9.41041 14.2603 
0 1.67071 0 5.46287 
0 0 0.723167 0 

0 10 0 0 
0 0 9.47521 14.2211 
0 1.69629 0 5.50883 
0 0 0.72991 0 

0 10 0 0 
0 0 9.53748 14.1836 
0 1.72111 0 5.55223 
0 0 0.735863 0 

0 10 0 0 
0 0 9.59737 14.1478 
0 1.74522 0 5.59319 
0 0 0.741043 0 

0 10 0 0 
0 0 9.65506 14.1136 
0 1.76866 0 5.63187 
0 0 0.745468 0 

0 10 0 0 
0 0 9.71067 14.0808 
0 1.79146 0 5.66836 
0 0 0.749154 0 

0 10 0 0 
0 0 9.76434 14.0493 
0 1.81366 0 5.7028 
0 0 0.752116 0 

0 0 10 0 
0 0 0 12.6876 
0 0.687587 0 13.3124 
0 0 7 0 

0 0 10 0 
0 0 0 12.6876 
0 0.687587 0 13.3124 
0 0 7 0 

0 0 10 0 
0 0 0 12.6876 
0 0.687587 0 13.3124 
0 0 7 0 

0 0 10 0 
0 0 0 12.6876 
0 0.687587 0 13.3124 
0 0 7 0 

0 0 10 0 
0 0 0 12.6876 
0 0.687587 0 13.3124 
0 0 7 0 

0 0 10 0 
0 0 0 12.6876 
0 0.687587 0 13.3124 
0 0 7 0 

0 0 10 0 
0 0 0 12.6876 
0 0.687587 0 13.3124 
0 0 7 0 

0 0 10 0 
0 0 0 12.6876 
0 0.687587 0 13.3124 
0 0 7 0 

0 0 10 0 
0 0 0 12.6876 
0 0.687587 0 13.3124 
0 0 7 0 

0 0 10 0 
0 0 0 12.6876 
0 0.687587 0 13.3124 
0 0 7 0 

RecurrentPathTraffic_t,od,path
0 0.908584 1.05595 6.03547 0 0 4 0 0.785813 2.41419 0 5.1804 0.419603 
0 0.908419 1.05581 6.03577 0 0 4 0 0.7857 2.4143 0 5.18158 0.418415 
0 0.908256 1.05568 6.03606 0 0 4 0 0.78559 2.41441 0 5.18277 0.417232 
0 0.908097 1.05556 6.03635 0 0 4 0 0.785482 2.41452 0 5.18395 0.416053 
0 0.907941 1.05543 6.03663 0 0 4 0 0.785377 2.41462 0 5.18512 0.414879 
0 0.907788 1.05531 6.0369 0 0 4 0 0.785274 2.41473 0 5.18629 0.41371 
0 0.907638 1.05519 6.03717 0 0 4 0 0.785173 2.41483 0 5.18745 0.412545 
0 0.907491 1.05508 6.03743 0 0 4 0 0.785074 2.41493 0 5.18862 0.411385 
0 0.907348 1.05496 6.03769 0 0 4 0 0.784978 2.41502 0 5.18977 0.410229 
0 0.907207 1.05485 6.03794 0 0 4 0 0.784885 2.41512 0 5.19092 0.409078 
0 0.907069 1.05475 6.03819 0 0 4 0 0.784793 2.41521 0 5.19207 0.407931 
0 0.906934 1.05464 6.03842 0 0 4 0 0.784704 2.4153 0 5.19321 0.406788 
0 0.906802 1.05454 6.03866 0 0 4 0 0.784616 2.41538 0 5.19435 0.40565 
0 0.906673 1.05444 6.03889 0 0 4 0 0.784531 2.41547 0 5.19548 0.404516 
0 0.906546 1.05435 6.03911 0 0 4 0 0.784449 2.41555 0 5.19661 0.403387 
0 8 0 0 0 0 4 0 0.778971 2.42103 0 5.15147 0.448533 
0.143527 7.85647 0 0 0 0 4 0 0.821173 2.37883 0 5.13234 0.467664 
0.278565 7.72143 0 0 0 0 4 0 0.861378 2.33862 0 5.11432 0.48568 
0.405828 7.59417 0 0 0 0 4 0 0.899764 2.30024 0 5.09739 0.50261 
0.525944 7.47406 0 0 0 0 4 0 0.936485 2.26352 0 5.08152 0.518484 
0.639471 7.36053 0 0 0 0 4 0 0.971678 2.22832 0 5.06667 0.53333 
0.746907 7.25309 0 0 0 0 4 0 1.00546 2.19454 0 5.05282 0.547176 
0.848696 7.1513 0 0 0 0 4 0 1.03795 2.16205 0 5.03995 0.56005 
0.945238 7.05476 0 0 0 0 4 0 1.06923 2.13077 0 5.02802 0.571977 
1.03689 6.96311 0 0 0 0 4 0 1.09939 2.10061 0 5.01702 0.582983 
1.12399 6.87601 0 0 0 0 4 0 1.12851 2.07149 0 5.00691 0.593093 
1.20682 6.79318 0 0 0 0 4 0 1.15665 2.04335 0 4.99767 0.602328 
1.28565 6.71435 0 0 0 0 4 0 1.18389 2.01611 0 4.98929 0.610712 
1.36072 6.63928 0 0 0 0 4 0 1.21027 1.98973 0 4.98173 0.618266 
1.43227 6.56773 0 0 0 0 4 0 1.23585 1.96415 0 4.97499 0.625009 
1.50048 6.49952 0 0 0 0 4 0 1.26067 1.93933 0 4.96904 0.630962 
1.56556 6.43444 0 0 0 0 4 0 1.28478 1.91522 0 4.96386 0.636142 
1.62767 6.37233 0 0 0 0 4 0 1.30822 1.89178 0 4.95943 0.640567 
1.68697 6.31303 0 0 0 0 4 0 1.33102 1.86898 0 4.95575 0.644253 
1.74361 6.25639 0 0 0 0 4 0 1.35322 1.84678 0 4.95278 0.647215 
0 0 0 8 0 0 4 0 0 3.2 0 0 5.6 
0 0 0 8 0 0 4 0 0 3.2 0 0 5.6 
0 0 0 8 0 0 4 0 0 3.2 0 0 5.6 
0 0 0 8 0 0 4 0 0 3.2 0 0 5.6 
0 0 0 8 0 0 4 0 0 3.2 0 0 5.6 
0 0 0 8 0 0 4 0 0 3.2 0 0 5.6 
0 0 0 8 0 0 4 0 0 3.2 0 0 5.6 
0 0 0 8 0 0 4 0 0 3.2 0 0 5.6 
0 0 0 8 0 0 4 0 0 3.2 0 0 5.6 
0 0 0 8 0 0 4 0 0 3.2 0 0 5.6 
2286.6