PathFlows
Time
55
0 0 3.99976 0 0 0 0 4.00024 0 0 0 0 0 0 0 0 0 0 0 0 8 0 0 3.99976 0 0 0 0 4.00024 0 0 0 0 
0 0 3.99921 0 0 0.00018305 0 0 0 0 0 4.00061 0 0 0 0 0 0 0 0 8 0 0 3.99902 0 0 0.00018305 0 0 0.00018296 0 0 4.00061 
0 0 3.99879 0 3.46076e-09 0.000182913 0 0 0 0 0 4.00102 0 0 0 0 0 0 0 0 8 0 0 3.99852 0 0 0.000182854 0 0 0.000545932 0 0 4.00075 
0 0 3.99838 0 6.95194e-09 0.000182775 0 0 0 0 0 4.00144 0 0 0 0 0 0 0 0 8 0 0 3.99802 0 0 0.000182659 0 0 0.000907206 0 0 4.00089 
0 0 3.99797 0 1.04733e-08 0.000182638 0 0 0 0 0 4.00185 0 0 0 0 0 0 0 0 8 0 0 3.99752 0 0 0.000182464 0 0 0.00126679 0 0 4.00104 
0 0 3.99756 0 1.40247e-08 0.000182501 0 0 0 0 0 4.00226 0 0 0 0 0 0 0 0 8 0 0 3.99701 0 0 0.00018227 0 0 0.0016247 0 0 4.00118 
0 0 3.99714 0 1.7606e-08 0.000182364 0 0 0 0 0 4.00267 0 0 0 0 0 0 0 0 8 0 0 3.99652 0 0 0.000182075 0 0 0.00198093 0 0 4.00132 
0 0 3.99673 0 2.12168e-08 0.000182227 0 0 0 0 0 4.00308 0 0 0 0 0 0 0 0 8 0 0 3.99602 0 0 0.000181881 0 0 0.0023355 0 0 4.00147 
0 0 3.99632 0 2.4857e-08 0.00018209 0 0 0 0 0 4.0035 0 0 0 0 0 0 0 0 8 0 0 3.99552 0 0 0.000181686 0 0 0.00268841 0 0 4.00161 
0 0 3.99591 0 2.85265e-08 0.000181953 0 0 0 0 0 4.00391 0 0 0 0 0 0 0 0 8 0 0 3.99502 0 0 0.000181492 0 0 0.00303968 0 0 4.00175 
0 0 3.9955 0 3.22249e-08 0.000181816 0 0 0 0 0 4.00432 0 0 0 0 0 0 0 0 8 0 0 3.99453 0 0 0.000181298 0 0 0.00338931 0 0 4.0019 
0 0 3.98227 0 3.58297e-08 0.000180981 0 0.0124252 0.0124252 0 0 3.9927 0 0 0 0 0 0 0 0 8 0 0 3.98161 0.0122288 0 0.000180426 0 0.0122288 0.00372725 0 0 3.99002 
0 0 3.98132 0 0.000151044 0.000220089 0 0.0129371 0.0127123 0 0 3.99266 0 0 0 0 0 0 0 0 8 0 0 3.98048 0.0123912 0 0.000249336 0 0.012734 0.00404252 0 0 3.9901 
0 0 3.98037 0 0.000301308 0.000257379 0 0.0134486 0.012997 0 0 3.99263 0 0 0 0 0 0 0 0 8 0 0 3.97937 0.0125524 0 0.000315689 0 0.0132389 0.00435454 0 0 3.99017 
0 0 3.97942 0 0.000450835 0.000292873 0 0.0139599 0.0132792 0 0 3.9926 0 0 0 0 0 0 0 0 8 0 0 3.97826 0.0127124 0 0.000379523 0 0.0137433 0.00466335 0 0 3.99025 
0 0 3.97848 0 0.000599631 0.000326593 0 0.0144709 0.0135589 0 0 3.99256 0 0 0 0 0 0 0 0 8 0 0 3.97715 0.0128714 0 0.00044088 0 0.0142475 0.00496899 0 0 3.99032 
0 0 3.97754 0 0.000747705 0.00035856 0 0.0149817 0.0138363 0 0 3.99253 0 0 0 0 0 0 0 0 8 0 0 3.97606 0.0130293 0 0.000499799 0 0.0147512 0.00527152 0 0 3.99039 
0 0 3.97661 0 0.000895063 0.000388796 0 0.0154922 0.0141113 0 0 3.99251 0 0 0 0 0 0 0 0 8 0 0 3.97497 0.0131861 0 0.000556318 0 0.0152547 0.00557098 0 0 3.99046 
0 0 3.97567 0 0.00104171 0.000417322 0 0.0160024 0.014384 0 0 3.99248 0 0 0 0 0 0 0 0 8 0 0 3.97389 0.0133419 0 0.000610474 0 0.0157577 0.00586741 0 0 3.99054 
0 0 3.97474 0 0.00118766 0.000444159 0 0.0165124 0.0146543 0 0 3.99246 0 0 0 0 0 0 0 0 8 0 0 3.97281 0.0134966 0 0.000662306 0 0.0162605 0.00616086 0 0 3.99061 
0 0 3.97382 0 0.00133291 0.000469328 0 0.0170221 0.0149224 0 0 3.99244 0 0 0 0 0 0 0 0 8 0 0 3.97174 0.0136503 0 0.00071185 0 0.0167629 0.00645138 0 0 3.99068 
0 0 3.97289 0 0.00147748 0.000492849 0 0.0175315 0.0151882 0 0 3.99242 0 0 0 0 0 0 0 0 8 0 0 3.97068 0.013803 0 0.000759142 0 0.0172649 0.006739 0 0 3.99075 
0 0 3.97197 0 0.00162136 0.000514743 0 0.0180406 0.0154517 0 0 3.9924 0 0 0 0 0 0 0 0 8 0 0 3.96963 0.0139547 0 0.000804217 0 0.0177667 0.00702377 0 0 3.99082 
0 0 3.97106 0 0.00176457 0.00053503 0 0.0185495 0.0157131 0 0 3.99238 0 0 0 0 0 0 0 0 8 0 0 3.96858 0.0141054 0 0.00084711 0 0.0182681 0.00730573 0 0 3.99089 
0 0 3.97014 0 0.00190712 0.00055373 0 0.0190581 0.0159723 0 0 3.99237 0 0 0 0 0 0 0 0 8 0 0 3.96754 0.0142552 0 0.000887856 0 0.0187691 0.00758492 0 0 3.99096 
0 0 3.96923 0 0.002049 0.000570862 0 0.0195665 0.0162293 0 0 3.99235 0 0 0 0 0 0 0 0 8 0 0 3.9665 0.014404 0 0.000926489 0 0.0192699 0.00786138 0 0 3.99103 
0 0 3.96832 0 0.00219023 0.000586447 0 0.0200745 0.0164842 0 0 3.99234 0 0 0 0 0 0 0 0 8 0 0 3.96548 0.0145519 0 0.000963041 0 0.0197703 0.00813515 0 0 3.9911 
0 0 3.96742 0 0.00233081 0.000600504 0 0.0205823 0.0167369 0 0 3.99233 0 0 0 0 0 0 0 0 8 0 0 3.96445 0.0146989 0 0.000997546 0 0.0202704 0.00840627 0 0 3.99117 
0 0 3.96651 0 0.00247075 0.000613052 0 0.0210899 0.0169876 0 0 3.99232 0 0 0 0 0 0 0 0 8 0 0 3.96344 0.0148449 0 0.00103004 0 0.0207703 0.00867477 0 0 3.99124 
0 0 3.96561 0 0.00261005 0.00062411 0 0.0215971 0.0172362 0 0 3.99232 0 0 0 0 0 0 0 0 8 0 0 3.96243 0.0149901 0 0.00106054 0 0.0212697 0.00894071 0 0 3.99131 
0 0 3.96472 0 0.00274873 0.000633698 0 0.0221041 0.0174828 0 0 3.99231 0 0 0 0 0 0 0 0 8 0 0 3.96142 0.0151344 0 0.00108909 0 0.0217689 0.0092041 0 0 3.99138 
0 0 3.96383 0 0.00288679 0.000641833 0 0.0226108 0.0177274 0 0 3.99231 0 0 0 0 0 0 0 0 8 0 0 3.96042 0.0152778 0 0.00111572 0 0.0222678 0.009465 0 0 3.99145 
0 0 3.96293 0 0.00302424 0.000648534 0 0.0231173 0.01797 0 0 3.99231 0 0 0 0 0 0 0 0 8 0 0 3.95943 0.0154204 0 0.00114046 0 0.0227664 0.00972343 0 0 3.99152 
0 0 3.96205 0 0.00316107 0.000653819 0 0.0236235 0.0182106 0 0 3.9923 0 0 0 0 0 0 0 0 8 0 0 3.95844 0.0155621 0 0.00116334 0 0.0232647 0.00997943 0 0 3.99159 
0 0 3.96116 0 0.0032973 0.000657708 0 0.0241294 0.0184492 0 0 3.9923 0 0 0 0 0 0 0 0 8 0 0 3.95746 0.0157031 0 0.00118438 0 0.0237626 0.010233 0 0 3.99166 
0 0 3.96063 0 0 0 0 0.0470384 0 0 0 3.99233 0 0 0 0 0 8 0 0 0 0 0 3.95688 0 0 0 0 0.0513795 0 0 0 3.99174 
0 0 3.87101 0 0 0 0 0.0795583 0 0 0 4.04943 0.032535 0 0.125296 0.0286585 0 7.81351 0 0 0 0 0 4.01173 0 0 0 0 0.0817906 0 0 0 3.90648 
0 0 3.79234 0 0 0 0 0.108018 0 0 0 4.09964 0.0574193 0 0.235696 0.0502091 0 7.65668 0 0 0 0 0 4.05986 0 0 0 0 0.108417 0 0 0 3.83173 
0 0 3.72267 0 0 0 0 0.133172 0 0 0 4.14416 0.0761318 0 0.333825 0.0660344 0 7.52401 0 0 0 0 0 4.10241 0 0 0 0 0.131955 0 0 0 3.76563 
0 0 3.66051 0 0 0 0 0.155591 0 0 0 4.1839 0.08978 0 0.421688 0.0771679 0 7.41136 0 0 0 0 0 4.14028 0 0 0 0 0.152937 0 0 0 3.70678 
0 0 3.6047 0 0 0 0 0.17572 0 0 0 4.21958 0.0992136 0 0.500851 0.0844015 0 7.31553 0 0 0 0 0 4.17416 0 0 0 0 0.171776 0 0 0 3.65406 
0 0 3.55431 0 0 0 0 0.193911 0 0 0 4.25178 0.105097 0 0.572563 0.0883535 0 7.23399 0 0 0 0 0 4.20463 0 0 0 0 0.188798 0 0 0 3.60657 
0 0 3.50858 0 0 0 0 0.210447 0 0 0 4.28097 0.107961 0 0.637836 0.0895157 0 7.16469 0 0 0 0 0 4.23213 0 0 0 0 0.204268 0 0 0 3.5636 
0 0 3.4669 0 0 0 0 0.225558 0 0 0 4.30754 0.108231 0 0.697502 0.0887582 0 7.10551 0 0 0 0 0 4.25705 0 0 0 0 0.218401 0 0 0 3.52455 
0 0 3.42875 0 0 0 0 0.239434 0 0 0 4.33181 0.107403 0 0.752243 0.0880107 0 7.05234 0 0 0 0 0 4.2797 0 0 0 0 0.231371 0 0 0 3.48893 
0 0.033227 3.1554 0.033227 0.065227 0.065227 0.033227 0.243003 0.065227 0.0126477 0.033227 4.26036 0.0991396 0.0957088 0.778246 0.0810941 0.0957088 6.53098 0.0957088 0.0957088 0.127709 0 0.0329017 4.20302 0.0649017 0.0329017 0.0649017 0.0329017 0.234487 0.0649017 0.0115173 0.0329017 3.22466 
7.91397e-05 0.0332831 3.03602 0.0465412 0.0828215 0.111453 0.0304553 0.252554 0.099934 0.0107991 0.0317768 4.26428 0.0940571 0.156059 0.819623 0.0767851 0.127752 6.20683 0.156598 0.129789 0.232506 6.77163e-05 0.0450855 4.20562 0.0991461 0.0328335 0.110689 0.0314198 0.243567 0.0819328 0.00985518 0.0302375 3.10954 
0.000129427 0.0325367 2.94241 0.0549426 0.0976646 0.153361 0.0281437 0.25954 0.129745 0.00929715 0.0303571 4.26187 0.0893871 0.204285 0.848302 0.0728557 0.153826 5.94282 0.205379 0.15757 0.325576 0.00011343 0.0524739 4.20197 0.128593 0.0321423 0.152256 0.0299785 0.250167 0.0963439 0.00850008 0.0280054 3.01946 
0.000164721 0.0318464 2.86616 0.0599693 0.110601 0.19218 0.0261576 0.264752 0.156075 0.00805263 0.0289804 4.25506 0.0850558 0.243987 0.868164 0.0692328 0.175773 5.72085 0.24564 0.180987 0.410311 0.000145641 0.0565526 4.19389 0.154623 0.0314994 0.190797 0.0285874 0.255067 0.109022 0.00737401 0.0260826 2.94636 
0.000189104 0.0311975 2.80267 0.0625465 0.123214 0.22863 0.0244185 0.268693 0.179788 0.00700747 0.0276536 4.244 0.081014 0.277383 0.881629 0.065868 0.194699 5.52983 0.279592 0.201206 0.488774 0.000167999 0.058233 4.18113 0.178074 0.030892 0.227014 0.0272516 0.258746 0.121918 0.00642601 0.0243947 2.88576 
0.000205345 0.0305797 2.74882 0.0632987 0.135923 0.263162 0.0228739 0.271699 0.201448 0.00612115 0.0263809 4.22948 0.0772267 0.305959 0.890151 0.0627268 0.211357 5.36239 0.308717 0.219143 0.562324 0.000182994 0.0581316 4.16497 0.199499 0.0303111 0.261343 0.0259739 0.261523 0.134937 0.00562039 0.0228921 2.83461 
0.000215423 0.0299857 2.7025 0.0626612 0.14865 0.296073 0.0214871 0.273997 0.221447 0.00536394 0.0251643 4.21245 0.0736668 0.330747 0.894736 0.0597836 0.226381 5.21342 0.334043 0.235323 0.631897 0.0001924 0.057446 4.14636 0.219278 0.0297504 0.294074 0.0247553 0.263618 0.147991 0.00493086 0.02154 2.79007 
0.000220795 0.0294106 2.66125 0.0618772 0.161328 0.32757 0.0202313 0.275748 0.240057 0.0047133 0.0240041 4.19359 0.0703129 0.35248 0.896303 0.0570181 0.240063 5.07931 0.356304 0.250061 0.698152 0.000197527 0.0566918 4.12596 0.23768 0.0292054 0.325405 0.0235955 0.265184 0.161008 0.00433738 0.0203133 2.75042 
0.000222559 0.028851 2.62412 0.0610338 0.173909 0.357799 0.0190867 0.277066 0.257477 0.0041516 0.0228995 4.17338 0.0671476 0.37169 0.895518 0.0544141 0.252616 4.95743 0.37603 0.263584 0.761571 0.000199367 0.0558845 4.10427 0.254901 0.0286731 0.35548 0.0224932 0.266334 0.173935 0.00382427 0.019193 2.71481 
0.00022156 0.0283043 2.59044 0.0601442 0.18635 0.386873 0.0180378 0.278038 0.27386 0.00366476 0.0218492 4.15222 0.0641557 0.388785 0.892891 0.0519577 0.264197 4.8458 0.393629 0.276062 0.822522 0.000198683 0.0550361 4.08166 0.271089 0.0281515 0.384411 0.0214467 0.26715 0.186729 0.00337895 0.0181645 2.68258 
2442.71