RecurrentPathTraffic_t,od,path
Time
45
0 0 3.99976 0 0 0 0 4.00024 0 0 0 0 0 0 0 0 0 0 0 0 8 0 0 3.99976 0 0 0 0 4.00024 0 0 0 0 
0 0 3.99921 0 0 0.00018305 0 0 0 0 0 4.00061 0 0 0 0 0 0 0 0 8 0 0 3.99902 0 0 0.00018305 0 0 0.00018296 0 0 4.00061 
0 0 3.99879 0 3.46076e-09 0.000182913 0 0 0 0 0 4.00102 0 0 0 0 0 0 0 0 8 0 0 3.99852 0 0 0.000182854 0 0 0.000545932 0 0 4.00075 
0 0 3.99838 0 6.95194e-09 0.000182775 0 0 0 0 0 4.00144 0 0 0 0 0 0 0 0 8 0 0 3.99802 0 0 0.000182659 0 0 0.000907206 0 0 4.00089 
0 0 3.99797 0 1.04733e-08 0.000182638 0 0 0 0 0 4.00185 0 0 0 0 0 0 0 0 8 0 0 3.99752 0 0 0.000182464 0 0 0.00126679 0 0 4.00104 
0 0 3.99756 0 1.40247e-08 0.000182501 0 0 0 0 0 4.00226 0 0 0 0 0 0 0 0 8 0 0 3.99701 0 0 0.00018227 0 0 0.0016247 0 0 4.00118 
0 0 3.99714 0 1.7606e-08 0.000182364 0 0 0 0 0 4.00267 0 0 0 0 0 0 0 0 8 0 0 3.99652 0 0 0.000182075 0 0 0.00198093 0 0 4.00132 
0 0 3.99673 0 2.12168e-08 0.000182227 0 0 0 0 0 4.00308 0 0 0 0 0 0 0 0 8 0 0 3.99602 0 0 0.000181881 0 0 0.0023355 0 0 4.00147 
0 0 3.99632 0 2.4857e-08 0.00018209 0 0 0 0 0 4.0035 0 0 0 0 0 0 0 0 8 0 0 3.99552 0 0 0.000181686 0 0 0.00268841 0 0 4.00161 
0 0 3.99591 0 2.85265e-08 0.000181953 0 0 0 0 0 4.00391 0 0 0 0 0 0 0 0 8 0 0 3.99502 0 0 0.000181492 0 0 0.00303968 0 0 4.00175 
0 0 3.9955 0 3.22249e-08 0.000181816 0 0 0 0 0 4.00432 0 0 0 0 0 0 0 0 8 0 0 3.99453 0 0 0.000181298 0 0 0.00338931 0 0 4.0019 
0 0 3.98227 0 3.58297e-08 0.000180981 0 0.0124252 0.0124252 0 0 3.9927 0 0 0 0 0 0 0 0 8 0 0 3.98161 0.0122288 0 0.000180426 0 0.0122288 0.00372725 0 0 3.99002 
0 0 3.98132 0 0.000151044 0.000220089 0 0.0129371 0.0127123 0 0 3.99266 0 0 0 0 0 0 0 0 8 0 0 3.98048 0.0123912 0 0.000249336 0 0.012734 0.00404252 0 0 3.9901 
0 0 3.98037 0 0.000301308 0.000257379 0 0.0134486 0.012997 0 0 3.99263 0 0 0 0 0 0 0 0 8 0 0 3.97937 0.0125524 0 0.000315689 0 0.0132389 0.00435454 0 0 3.99017 
0 0 3.97942 0 0.000450835 0.000292873 0 0.0139599 0.0132792 0 0 3.9926 0 0 0 0 0 0 0 0 8 0 0 3.97826 0.0127124 0 0.000379523 0 0.0137433 0.00466335 0 0 3.99025 
0 0 3.97848 0 0.000599631 0.000326593 0 0.0144709 0.0135589 0 0 3.99256 0 0 0 0 0 0 0 0 8 0 0 3.97715 0.0128714 0 0.00044088 0 0.0142475 0.00496899 0 0 3.99032 
0 0 3.97754 0 0.000747705 0.00035856 0 0.0149817 0.0138363 0 0 3.99253 0 0 0 0 0 0 0 0 8 0 0 3.97606 0.0130293 0 0.000499799 0 0.0147512 0.00527152 0 0 3.99039 
0 0 3.97661 0 0.000895063 0.000388796 0 0.0154922 0.0141113 0 0 3.99251 0 0 0 0 0 0 0 0 8 0 0 3.97497 0.0131861 0 0.000556318 0 0.0152547 0.00557098 0 0 3.99046 
0 0 3.97567 0 0.00104171 0.000417322 0 0.0160024 0.014384 0 0 3.99248 0 0 0 0 0 0 0 0 8 0 0 3.97389 0.0133419 0 0.000610474 0 0.0157577 0.00586741 0 0 3.99054 
0 0 3.97474 0 0.00118766 0.000444159 0 0.0165124 0.0146543 0 0 3.99246 0 0 0 0 0 0 0 0 8 0 0 3.97281 0.0134966 0 0.000662306 0 0.0162605 0.00616086 0 0 3.99061 
0 0 3.97382 0 0.00133291 0.000469328 0 0.0170221 0.0149224 0 0 3.99244 0 0 0 0 0 0 0 0 8 0 0 3.97174 0.0136503 0 0.00071185 0 0.0167629 0.00645138 0 0 3.99068 
0 0 3.97289 0 0.00147748 0.000492849 0 0.0175315 0.0151882 0 0 3.99242 0 0 0 0 0 0 0 0 8 0 0 3.97068 0.013803 0 0.000759142 0 0.0172649 0.006739 0 0 3.99075 
0 0 3.97197 0 0.00162136 0.000514743 0 0.0180406 0.0154517 0 0 3.9924 0 0 0 0 0 0 0 0 8 0 0 3.96963 0.0139547 0 0.000804217 0 0.0177667 0.00702377 0 0 3.99082 
0 0 3.97106 0 0.00176457 0.00053503 0 0.0185495 0.0157131 0 0 3.99238 0 0 0 0 0 0 0 0 8 0 0 3.96858 0.0141054 0 0.00084711 0 0.0182681 0.00730573 0 0 3.99089 
0 0 3.97014 0 0.00190712 0.00055373 0 0.0190581 0.0159723 0 0 3.99237 0 0 0 0 0 0 0 0 8 0 0 3.96754 0.0142552 0 0.000887856 0 0.0187691 0.00758492 0 0 3.99096 
0 0 3.96961 0 0 0 0 0.0379989 0 0 0 3.99239 0 0 0 0 0 8 0 0 0 0 0 3.96695 0 0 0 0 0.0419968 0 0 0 3.99106 
0 0 3.87976 0 0 0 0 0.0706629 0 0 0 4.04957 0.0325543 0 0.125299 0.0286432 0 7.8135 0 0 0 0 0 4.02171 0 0 0 0 0.0724512 0 0 0 3.90584 
0 0 3.8009 0 0 0 0 0.0992476 0 0 0 4.09986 0.0574506 0 0.235695 0.050179 0 7.65668 0 0 0 0 0 4.06975 0 0 0 0 0.0991149 0 0 0 3.83113 
0 0 3.73106 0 0 0 0 0.12451 0 0 0 4.14443 0.0761698 0 0.333815 0.0659904 0 7.52402 0 0 0 0 0 4.11223 0 0 0 0 0.122687 0 0 0 3.76508 
0 0 3.66875 0 0 0 0 0.147026 0 0 0 4.18422 0.0898208 0 0.421666 0.0771111 0 7.4114 0 0 0 0 0 4.15003 0 0 0 0 0.143699 0 0 0 3.70627 
0 0 3.61281 0 0 0 0 0.167241 0 0 0 4.21995 0.099254 0 0.500815 0.0843326 0 7.3156 0 0 0 0 0 4.18385 0 0 0 0 0.162564 0 0 0 3.65358 
0 0 3.56231 0 0 0 0 0.185509 0 0 0 4.25218 0.105135 0 0.572511 0.0882736 0 7.23408 0 0 0 0 0 4.21426 0 0 0 0 0.17961 0 0 0 3.60613 
0 0 3.51648 0 0 0 0 0.202114 0 0 0 4.28141 0.107993 0 0.637767 0.0894256 0 7.16481 0 0 0 0 0 4.2417 0 0 0 0 0.195101 0 0 0 3.5632 
0 0 3.4747 0 0 0 0 0.217288 0 0 0 4.30801 0.108258 0 0.697415 0.0886689 0 7.10566 0 0 0 0 0 4.26657 0 0 0 0 0.209254 0 0 0 3.52418 
0 0 3.43647 0 0 0 0 0.231221 0 0 0 4.33231 0.107429 0 0.752138 0.0879221 0 7.05251 0 0 0 0 0 4.28917 0 0 0 0 0.222241 0 0 0 3.48859 
0 0.0332665 3.16248 0.0332665 0.0652665 0.0652665 0.0332665 0.235157 0.0652665 0.0126789 0.0332665 4.26082 0.0991627 0.0957161 0.778114 0.0810116 0.0957161 6.53113 0.0957161 0.0957161 0.127716 0 0.0328845 4.21212 0.0648845 0.0328845 0.0648845 0.0328845 0.225723 0.0648845 0.0115058 0.0328845 3.22446 
7.93114e-05 0.0333212 3.04284 0.0466078 0.0828918 0.111524 0.0304914 0.244851 0.0999997 0.0108256 0.0318148 4.26476 0.0940789 0.156057 0.819479 0.0767066 0.127754 6.207 0.156606 0.129804 0.232516 6.75105e-05 0.0450505 4.21462 0.0990983 0.032809 0.110644 0.0314032 0.234924 0.0818999 0.00984535 0.0302224 3.10941 
0.000129724 0.032574 2.94902 0.0550267 0.0977581 0.153457 0.028177 0.251957 0.129829 0.00931992 0.0303935 4.26235 0.0894076 0.204273 0.848143 0.072781 0.153825 5.94301 0.205385 0.157589 0.325588 0.00011317 0.0524239 4.21088 0.128523 0.0321183 0.152191 0.0299625 0.241629 0.0962958 0.00849165 0.027992 3.01938 
0.000165107 0.031883 2.87261 0.0600631 0.110713 0.192296 0.0261886 0.257273 0.156175 0.0080723 0.0290151 4.25554 0.085075 0.243964 0.86799 0.0691617 0.175769 5.72106 0.245645 0.181011 0.410325 0.000145344 0.0564891 4.20269 0.154535 0.0314759 0.190717 0.028572 0.246623 0.108976 0.00736673 0.0260706 2.94634 
0.000189551 0.0312335 2.80898 0.0626446 0.123347 0.228763 0.0244475 0.261307 0.179898 0.00702454 0.0276867 4.24448 0.0810319 0.277349 0.88144 0.0658003 0.194693 5.53007 0.279597 0.201233 0.488789 0.000167677 0.0581572 4.18982 0.177973 0.0308691 0.226923 0.0272367 0.250389 0.121879 0.00641969 0.0243839 2.88578 
0.000205835 0.0306151 2.75503 0.0633972 0.136075 0.26331 0.0229011 0.264396 0.201568 0.00613601 0.0264125 4.22995 0.0772433 0.305915 0.889947 0.0626624 0.211351 5.36264 0.308721 0.219175 0.562341 0.000182656 0.0580448 4.17356 0.199389 0.0302887 0.261245 0.0259596 0.253245 0.134905 0.00561487 0.0228824 2.83468 
0.00021594 0.0300205 2.70861 0.0627574 0.148818 0.296234 0.0215126 0.266771 0.221574 0.00537694 0.0251944 4.21291 0.0736822 0.330693 0.894517 0.0597222 0.226375 5.21369 0.334047 0.235359 0.631915 0.000192054 0.0573596 4.15485 0.219161 0.0297284 0.293971 0.0247416 0.255414 0.147968 0.00492602 0.0215312 2.79016 
0.000221327 0.0294449 2.66727 0.0619721 0.161511 0.327742 0.0202553 0.268593 0.240189 0.00472469 0.0240328 4.19404 0.0703272 0.352417 0.89607 0.0569597 0.240058 5.07959 0.356308 0.250101 0.698173 0.000197178 0.0566059 4.13435 0.237558 0.0291838 0.325299 0.0235823 0.257051 0.160995 0.00433313 0.0203052 2.75054 
0.000223096 0.0288846 2.63007 0.0611274 0.174103 0.35798 0.0191093 0.269977 0.257614 0.00416161 0.0229269 4.17382 0.0671608 0.371619 0.895273 0.0543584 0.252611 4.95772 0.376034 0.263627 0.761594 0.000199018 0.0557992 4.11257 0.254774 0.0286519 0.355372 0.0224806 0.258266 0.173933 0.00382052 0.0191856 2.71495 
0.000222096 0.0283374 2.59631 0.0602364 0.186556 0.387063 0.0180592 0.271011 0.274 0.00367358 0.0218753 4.15265 0.064168 0.388705 0.892635 0.0519046 0.264194 4.84611 0.393633 0.276109 0.822546 0.000198338 0.0549516 4.08987 0.270961 0.0281306 0.384302 0.0214346 0.259145 0.186738 0.00337563 0.0181578 2.68274 