RecurrentPathTraffic_t,od,path
Time
55 
0 4.19164 0 3.80836 0 0.282174 7.71783 0 0 8 0 8 0 
0 4.19243 0 3.80757 0 0.281309 7.71869 0 0 8 0 8 0 
0 4.1932 0 3.8068 0 0.280447 7.71955 0 0 8 0 8 0 
0 4.19396 0 3.80604 0 0.27959 7.72041 0 0 8 0 8 0 
0 4.19471 0 3.80529 0 0.278736 7.72126 0 0 8 0 8 0 
0 4.19544 0 3.80456 0 0.277885 7.72211 0 0 8 0 8 0 
0 4.19616 0 3.80384 0 0.277038 7.72296 0 0 8 0 8 0 
0 4.19687 0 3.80313 0 0.276195 7.72381 0 0 8 0 8 0 
0 4.19757 0 3.80243 0 0.275355 7.72465 0 0 8 0 8 0 
0 4.19826 0 3.80174 0 0.274519 7.72548 0 0 8 0 8 0 
0 4.19893 0 3.80107 0 0.273686 7.72631 0 0 8 0 8 0 
0 4.1996 0 3.8004 0 0.272856 7.72714 0 0 8 0 8 0 
0 4.20025 0 3.79975 0 0.27203 7.72797 0 0 8 0 8 0 
0 4.20089 0 3.79911 0 0.271207 7.72879 0 0 8 0 8 0 
0 4.20152 0 3.79848 0 0.270387 7.72961 0 0 8 0 8 0 
0 8 0 0 0 0.269571 7.73043 0 0 8 0 8 0 
0.0367154 7.96328 0 0 0 0.305049 7.69495 0 0 8 0 8 0 
0.0716761 7.92832 0 0 0 0.338832 7.66117 0 0 8 0 8 0 
0.104983 7.89502 0 0 0 0.371016 7.62898 0 0 8 0 8 0 
0.136728 7.86327 0 0 0 0.401692 7.59831 0 0 8 0 8 0 
0.166999 7.833 0 0 0 0.430943 7.56906 0 0 8 0 8 0 
0.195876 7.80412 0 0 0 0.458847 7.54115 0 0 8 0 8 0 
0.223434 7.77657 0 0 0 0.485476 7.51452 0 0 8 0 8 0 
0.249742 7.75026 0 0 0 0.510898 7.4891 0 0 8 0 8 0 
0.274867 7.72513 0 0 0 0.535176 7.46482 0 0 8 0 8 0 
0 7.65784 0 0.342161 0.564875 0 7.43512 0 0 8 8 0 0 
0 7.61753 0 0.382466 0.564822 0 7.43518 0 0 8 8 0 0 
0 7.57833 0 0.421666 0.564707 0 7.43529 0 0 8 8 0 0 
0 7.5402 0 0.459802 0.564532 0 7.43547 0 0 8 8 0 0 
0 7.50309 0 0.496914 0.564298 0 7.4357 0 0 8 8 0 0 
0 7.46696 0 0.533039 0.564008 0 7.43599 0 0 8 8 0 0 
0 7.43179 0 0.568214 0.563664 0 7.43634 0 0 8 8 0 0 
0 7.39753 0 0.602472 0.563266 0 7.43673 0 0 8 8 0 0 
0 7.36415 0 0.635848 0.562817 0 7.43718 0 0 8 8 0 0 
0 7.33163 0 0.668371 0.562318 0 7.43768 0 0 8 8 0 0 
0 0 7.3325 0.6675 0 0.601476 7.39852 0 0 8 0 8 0 
0 0 7.27463 0.725367 0 0.620568 7.37943 0 0 8 0 8 0 
0 0 7.21851 0.781493 0 0.638331 7.36167 0 0 8 0 8 0 
0 0 7.16403 0.835969 0 0.654831 7.34517 0 0 8 0 8 0 
0 0 7.11112 0.888879 0 0.670133 7.32987 0 0 8 0 8 0 
0 0 7.0597 0.940301 0 0.684294 7.31571 0 0 8 0 8 0 
0 0 7.00969 0.990309 0 0.697369 7.30263 0 0 8 0 8 0 
0 0 6.96103 1.03897 0 0.70941 7.29059 0 0 8 0 8 0 
0 0 6.91365 1.08635 0 0.720463 7.27954 0 0 8 0 8 0 
0 0 6.86749 1.13251 0 0.730575 7.26942 0 0 8 0 8 0 
0.051007 0.067007 6.70845 1.17354 0.0173415 0.739045 7.24361 0 0 8 0 8 0 
0.0750714 0.084128 6.62553 1.21527 0.0173092 0.746306 7.23638 0 0 8 0 8 0 
0.0975906 0.100878 6.54597 1.25556 0.0172748 0.752376 7.23035 0 0 8 0 8 0 
0.118677 0.117286 6.46955 1.29449 0.0172385 0.75733 7.22543 0 0 8 0 8 0 
0.138432 0.133376 6.39603 1.33216 0.0172004 0.761239 7.22156 0 0 8 0 8 0 
0.156949 0.149172 6.32522 1.36866 0.0171606 0.764169 7.21867 0 0 8 0 8 0 
0.174314 0.164693 6.25693 1.40406 0.0171192 0.766178 7.2167 0 0 8 0 8 0 
0.190604 0.179959 6.191 1.43843 0.0170763 0.767324 7.2156 0 0 8 0 8 0 
0.20589 0.194986 6.12728 1.47184 0.0170321 0.767655 7.21531 0 0 8 0 8 0 
0.220239 0.20979 6.06563 1.50434 0.0169866 0.767629 7.21538 0 0 8 0 8 0 