RecurrentPathTraffic_t,od,path
0 0.908584 1.05595 6.03547 0 0 4 0 0.785813 2.41419 0 5.1804 0.419603 
0 0 0 8 4 0 0 0 0 3.2 5.6 0 0 
0 0 0 8 4 0 0 0 0 3.2 5.6 0 0 
0 0 0 8 4 0 0 0 0 3.2 5.6 0 0 
0 0 0 8 4 0 0 0 0 3.2 5.6 0 0 
0 0 0 8 4 0 0 0 0 3.2 5.6 0 0 
0 0 0 8 4 0 0 0 0 3.2 5.6 0 0 
0 0 0 8 4 0 0 0 0 3.2 5.6 0 0 
0 0 0 8 4 0 0 0 0 3.2 5.6 0 0 
0 0 0 8 4 0 0 0 0 3.2 5.6 0 0 
0 8 0 0 0 0 4 0 3.2 0 0 5.6 0 
0 8 0 0 0 0 4 0 3.2 0 0 5.6 0 
0 8 0 0 0 0 4 0 3.2 0 0 5.6 0 
0 8 0 0 0 0 4 0 3.2 0 0 5.6 0 
0 8 0 0 0 0 4 0 3.2 0 0 5.6 0 
0 8 0 0 0 0 4 0 3.2 0 0 5.6 0 
0 8 0 0 0 0 4 0 3.2 0 0 5.6 0 
0 8 0 0 0 0 4 0 3.2 0 0 5.6 0 
0 8 0 0 0 0 4 0 3.2 0 0 5.6 0 
0 8 0 0 0 0 4 0 3.2 0 0 5.6 0 
0.0641176 7.93588 0 0 0 0 4 0 3.2 0 0 5.59836 0.00164392 
0.0897032 7.9103 0 0 0 0 4 0 3.2 0 0 5.59678 0.00322105 
0.114993 7.88501 0 0 0 0 4 0 3.2 0 0 5.59523 0.00477188 
0.139991 7.86001 0 0 0 0 4 0 3.2 0 0 5.5937 0.00629651 
0.164704 7.8353 0 0 0 0 4 0 3.2 0 0 5.5922 0.00779504 
0.189136 7.81086 0 0 0 0 4 0 3.2 0 0 5.59073 0.00926757 
0.213292 7.78671 0 0 0 0 4 0 3.2 0 0 5.58929 0.0107142 
0.237176 7.76282 0 0 0 0 4 0 3.2 0 0 5.58786 0.0121351 
0.260793 7.73921 0 0 0 0 4 0 3.2 0 0 5.58647 0.0135302 
0.284147 7.71585 0 0 0 0 4 0 3.2 0 0 5.5851 0.0148998 
0.305464 7.59825 0.0469434 0.0493434 0.011017 0.0119733 3.97701 0.00981496 3.17718 0.0130099 4.69976e-05 5.58515 0.0148022 
0 0 0.0470996 7.9529 0 0.0229842 3.97702 0 3.17231 0.0276858 0 5.58236 0.0176359 
0 0 0.0470854 7.95291 0 0.0229834 3.97702 0 3.17115 0.0288512 0 5.57937 0.0206322 
0 0 0.0470713 7.95293 0 0.0229826 3.97702 0 3.16998 0.0300155 0 5.57637 0.0236286 
0 0 0.0470572 7.95294 0 0.0229818 3.97702 0 3.16882 0.0311786 0 5.57338 0.0266249 
0 0 0.0470431 7.95296 0 0.0229811 3.97702 0 3.16766 0.0323405 0 5.57038 0.0296211 
0 0 0.047029 7.95297 0 0.0229803 3.97702 0 3.1665 0.0335012 0 5.56738 0.0326174 
0 0 0.0470149 7.95299 0 0.0229795 3.97702 0 3.16534 0.0346608 0 5.56439 0.0356135 
0 0 0.0470008 7.953 0 0.0229787 3.97702 0 3.16418 0.0358192 0 5.56139 0.0386097 
0 0 0.0469867 7.95301 0 0.0229779 3.97702 0 3.16302 0.0369764 0 5.55839 0.0416058 
0 0 0.0469726 7.95303 0 0.0229771 3.97702 0 3.16187 0.0381325 0 5.5554 0.0446018 
0.000684208 0.00308421 0.0469322 7.9493 0 0.0229622 3.97704 0 3.16146 0.0385435 0 5.55541 0.0445903 
0.000683 0.00327363 0.0469195 7.94912 0 0.0229474 3.97705 0 3.16105 0.038946 0 5.55542 0.0445788 
0.000681793 0.00346336 0.0469068 7.94895 0 0.0229326 3.97707 0 3.16065 0.0393483 0 5.55543 0.0445674 
0.000680588 0.00365339 0.0468942 7.94877 0 0.0229177 3.97708 0 3.16025 0.0397503 0 5.55544 0.0445559 
0.000679386 0.00384373 0.0468815 7.9486 0 0.0229029 3.9771 0 3.15985 0.0401519 0 5.55546 0.0445444 
0.000678185 0.00403437 0.0468688 7.94842 0 0.0228881 3.97711 0 3.15945 0.0405533 0 5.55547 0.0445329 
0.000676987 0.00422531 0.0468562 7.94824 0 0.0228733 3.97713 0 3.15905 0.0409543 0 5.55548 0.0445214 
0.00067579 0.00441655 0.0468436 7.94806 0 0.0228585 3.97714 0 3.15864 0.0413551 0 5.55549 0.04451 
0.000674595 0.00460808 0.0468309 7.94789 0 0.0228437 3.97716 0 3.15824 0.0417556 0 5.5555 0.0444985 
