RecurrentPathTraffic_t,od,path
0 0.908584 1.05595 6.03547 0 0 4 0 0.785813 2.41419 0 5.1804 0.419603 
0 0.908568 1.05594 6.0355 0 0 4 0 0.785802 2.4142 0 5.18052 0.419484 
0 0.908551 1.05592 6.03553 0 0 4 0 0.785791 2.41421 0 5.18063 0.419366 
0 0.908535 1.05591 6.03556 0 0 4 0 0.78578 2.41422 0 5.18075 0.419247 
0 0.908518 1.0559 6.03559 0 0 4 0 0.785768 2.41423 0 5.18087 0.419128 
0 8 0 0 0 0 4 0 0.78522 2.41478 0 5.17637 0.423634 
0.0142247 7.98578 0 0 0 0 4 0 0.7894 2.4106 0 5.17446 0.425536 
0.0283646 7.97164 0 0 0 0 4 0 0.79356 2.40644 0 5.17257 0.427427 
0.0424205 7.95758 0 0 0 0 4 0 0.7977 2.4023 0 5.17069 0.429306 
0.056393 7.94361 0 0 0 0 4 0 0.801821 2.39818 0 5.16883 0.431175 
0.070283 7.92972 0 0 0 0 4 0 0.805922 2.39408 0 5.16697 0.433033 
0.0840911 7.91591 0 0 0 0 4 0 0.810005 2.39 0 5.16512 0.43488 
0.097818 7.90218 0 0 0 0 4 0 0.814068 2.38593 0 5.16328 0.436716 
0.111464 7.88854 0 0 0 0 4 0 0.818112 2.38189 0 5.16146 0.438541 
0.125031 7.87497 0 0 0 0 4 0 0.822138 2.37786 0 5.15964 0.440355 
0.138518 7.86148 0 0 0 0 4 0 0.826145 2.37386 0 5.15784 0.442159 
0.151927 7.84807 0 0 0 0 4 0 0.830133 2.36987 0 5.15605 0.443952 
0.165258 7.83474 0 0 0 0 4 0 0.834104 2.3659 0 5.15427 0.445734 
0.178512 7.82149 0 0 0 0 4 0 0.838056 2.36194 0 5.1525 0.447505 
0.19169 7.80831 0 0 0 0 4 0 0.84199 2.35801 0 5.15073 0.449266 
0.204791 7.79521 0 0 0 0 4 0 0.845907 2.35409 0 5.14898 0.451016 
0.217817 7.78218 0 0 0 0 4 0 0.849806 2.35019 0 5.14725 0.452755 
0.230769 7.76923 0 0 0 0 4 0 0.853688 2.34631 0 5.14552 0.454484 
0.243646 7.75635 0 0 0 0 4 0 0.857552 2.34245 0 5.1438 0.456202 
0.25645 7.74355 0 0 0 0 4 0 0.861399 2.3386 0 5.14209 0.45791 
0 0 0 8 0 0 4 0 0 3.2 0 0 5.6 
0 0 0 8 0 0 4 0 0 3.2 0 0 5.6 
0 0 0 8 0 0 4 0 0 3.2 0 0 5.6 
0 0 0 8 0 0 4 0 0 3.2 0 0 5.6 
0 0 0 8 0 0 4 0 0 3.2 0 0 5.6 
0 0 0 8 0 0 4 0 0 3.2 0 0 5.6 
0 0 0 8 0 0 4 0 0 3.2 0 0 5.6 
0 0 0 8 0 0 4 0 0 3.2 0 0 5.6 
0 0 0 8 0 0 4 0 0 3.2 0 0 5.6 
0 0 0 8 0 0 4 0 0 3.2 0 0 5.6 
