RecurrentPathTraffic_t,od,path
34 3 4
0 0.908584 1.05595 6.03547 0 0 4 0 0.785813 2.41419 0 5.1804 0.419603 
0 0.908419 1.05581 6.03577 0 0 4 0 0.7857 2.4143 0 5.18158 0.418415 
0 0.908256 1.05568 6.03606 0 0 4 0 0.78559 2.41441 0 5.18277 0.417232 
0 0.908097 1.05556 6.03635 0 0 4 0 0.785482 2.41452 0 5.18395 0.416053 
0 0.907941 1.05543 6.03663 0 0 4 0 0.785377 2.41462 0 5.18512 0.414879 
0 8 0 0 0 0 4 0 0.779892 2.42011 0 5.14004 0.459963 
0.144318 7.85568 0 0 0 0 4 0 0.822273 2.37773 0 5.12085 0.479145 
0.280077 7.71992 0 0 0 0 4 0 0.86264 2.33736 0 5.10279 0.497212 
0.407999 7.592 0 0 0 0 4 0 0.901171 2.29883 0 5.08581 0.514193 
0.528719 7.47128 0 0 0 0 4 0 0.938024 2.26198 0 5.06988 0.530118 
0.642802 7.3572 0 0 0 0 4 0 0.973337 2.22666 0 5.05499 0.545014 
0.750752 7.24925 0 0 0 0 4 0 1.00723 2.19277 0 5.04109 0.55891 
0.853016 7.14698 0 0 0 0 4 0 1.03982 2.16018 0 5.02817 0.571834 
0.95 7.05 0 0 0 0 4 0 1.07119 2.12881 0 5.01619 0.583811 
1.04207 6.95793 0 0 0 0 4 0 1.10143 2.09857 0 5.00513 0.594866 
1.12955 6.87045 0 0 0 0 4 0 1.13063 2.06937 0 4.99497 0.605025 
1.21273 6.78727 0 0 0 0 4 0 1.15885 2.04115 0 4.98569 0.61431 
1.2919 6.7081 0 0 0 0 4 0 1.18615 2.01385 0 4.97726 0.622743 
1.36729 6.63271 0 0 0 0 4 0 1.21259 1.98741 0 4.96965 0.630346 
1.43913 6.56087 0 0 0 0 4 0 1.23823 1.96177 0 4.96286 0.637139 
1.50763 6.49237 0 0 0 0 4 0 1.2631 1.9369 0 4.95686 0.643141 
1.57297 6.42703 0 0 0 0 4 0 1.28726 1.91274 0 4.95163 0.648371 
1.63534 6.36466 0 0 0 0 4 0 1.31075 1.88925 0 4.94715 0.652845 
1.69487 6.30513 0 0 0 0 4 0 1.33359 1.86641 0 4.94342 0.656581 
1.75174 6.24826 0 0 0 0 4 0 1.35583 1.84417 0 4.94041 0.659594 
0 0 0 8 0 0 4 0 0 3.2 0 0 5.6 
0 0 0 8 0 0 4 0 0 3.2 0 0 5.6 
0 0 0 8 0 0 4 0 0 3.2 0 0 5.6 
0 0 0 8 0 0 4 0 0 3.2 0 0 5.6 
0 0 0 8 0 0 4 0 0 3.2 0 0 5.6 
0 0 0 8 0 0 4 0 0 3.2 0 0 5.6 
0 0 0 8 0 0 4 0 0 3.2 0 0 5.6 
0 0 0 8 0 0 4 0 0 3.2 0 0 5.6 
0 0 0 8 0 0 4 0 0 3.2 0 0 5.6 
0 0 0 8 0 0 4 0 0 3.2 0 0 5.6 
