X:/My Documents/Wegennetwerk/Prog/roadInput.txt X:/My Documents/Wegennetwerk/Prog/maintenanceInput.txt
Routes for this network:
0 1 2 3 
0 1 3 
0 2 1 3 
0 2 3 

1 0 2 3 
1 2 3 
1 3 

2 0 1 3 
2 1 3 
2 3 

1 0 2 
1 2 
1 3 2 

1250530 4915.9
ArcFlowsAll_t,v,w
0 1.13573 8.86427 0 
0 0 6.4755 8.96244 
0 2.3022 0 10.5621 
0 0 0.524504 0 

0 0.227146 22.4604 0 
12.6876 0 0 0 
0 0.460441 0 19.1049 
0 0 0.104901 0 

0 0.227146 22.4604 0 
12.6876 0 0 0 
0 0.460441 0 19.1049 
0 0 0.104901 0 

0 0.227146 22.4604 0 
12.6876 0 0 0 
0 0.460441 0 19.1049 
0 0 0.104901 0 

0 0.227146 22.4604 0 
12.6876 0 0 0 
0 0.460441 0 19.1049 
0 0 0.104901 0 

0 0.227146 22.4604 0 
12.6876 0 0 0 
0 0.460441 0 19.1049 
0 0 0.104901 0 

0 0.227146 22.4604 0 
12.6876 0 0 0 
0 0.460441 0 19.1049 
0 0 0.104901 0 

0 0.227146 22.4604 0 
12.6876 0 0 0 
0 0.460441 0 19.1049 
0 0 0.104901 0 

0 0.227146 22.4604 0 
12.6876 0 0 0 
0 0.460441 0 19.1049 
0 0 0.104901 0 

0 0.227146 22.4604 0 
12.6876 0 0 0 
0 0.460441 0 19.1049 
0 0 0.104901 0 

0 10 0 0 
0 0 8.66795 19.1049 
0 5.77285 0 0 
0 0 0.104901 0 

0 10 0 0 
0 0 8.66795 19.1049 
0 5.77285 0 0 
0 0 0.104901 0 

0 10 0 0 
0 0 8.66795 19.1049 
0 5.77285 0 0 
0 0 0.104901 0 

0 10 0 0 
0 0 8.66795 19.1049 
0 5.77285 0 0 
0 0 0.104901 0 

0 10 0 0 
0 0 8.66795 19.1049 
0 5.77285 0 0 
0 0 0.104901 0 

0 10 0 0 
0 0 8.66795 19.1049 
0 5.77285 0 0 
0 0 0.104901 0 

0 10 0 0 
0 0 8.66795 19.1049 
0 5.77285 0 0 
0 0 0.104901 0 

0 10 0 0 
0 0 8.66795 19.1049 
0 5.77285 0 0 
0 0 0.104901 0 

0 10 0 0 
0 0 8.66795 19.1049 
0 5.77285 0 0 
0 0 0.104901 0 

0 10 0 0 
0 0 8.66795 19.1049 
0 5.77285 0 0 
0 0 0.104901 0 

0 10 0 0 
0 0 8.73043 16.93 
0 3.66044 0 2.17653 
0 0 0.106545 0 

0 10 0 0 
0 0 8.75444 16.906 
0 3.66044 0 2.20212 
0 0 0.108122 0 

0 10 0 0 
0 0 8.77817 16.8823 
0 3.66044 0 2.22741 
0 0 0.109673 0 

0 10 0 0 
0 0 8.80165 16.8588 
0 3.66044 0 2.2524 
0 0 0.111197 0 

0 10 0 0 
0 0 8.82486 16.8356 
0 3.66044 0 2.27712 
0 0 0.112696 0 

0 10 0 0 
0 0 8.84782 16.8126 
0 3.66044 0 2.30155 
0 0 0.114168 0 

0 10 0 0 
0 0 8.87053 16.7899 
0 3.66044 0 2.3257 
0 0 0.115615 0 

0 10 0 0 
0 0 8.89299 16.7674 
0 3.66044 0 2.34959 
0 0 0.117036 0 

0 10 0 0 
0 0 8.91522 16.7452 
0 3.66044 0 2.37321 
0 0 0.118431 0 

0 10 0 0 
0 0 8.9372 16.7232 
0 3.66044 0 2.39656 
0 0 0.119801 0 

0 0 10 0 
0 0 6.87886 9.00873 
0 3.88759 0 10.1124 
0 0 0.121145 0 

0 0 10 0 
0 0 6.87585 9.01056 
0 3.88641 0 10.1136 
0 0 0.124153 0 

0 0 10 0 
0 0 6.87284 9.0124 
0 3.88524 0 10.1148 
0 0 0.127162 0 

0 0 10 0 
0 0 6.86983 9.01423 
0 3.88406 0 10.1159 
0 0 0.13017 0 

0 0 10 0 
0 0 6.86682 9.01607 
0 3.88289 0 10.1171 
0 0 0.133178 0 

0 0 10 0 
0 0 6.86381 9.01791 
0 3.88172 0 10.1183 
0 0 0.136186 0 

0 0 10 0 
0 0 6.86081 9.01975 
0 3.88055 0 10.1194 
0 0 0.139195 0 

0 0 10 0 
0 0 6.8578 9.02158 
0 3.87938 0 10.1206 
0 0 0.142203 0 

0 0 10 0 
0 0 6.85479 9.02343 
0 3.87821 0 10.1218 
0 0 0.145211 0 

0 0 10 0 
0 0 6.85178 9.02527 
0 3.87705 0 10.123 
0 0 0.148219 0 

0 0.230891 9.76911 0 
0 0 6.85246 9.02791 
0 3.64949 0 10.1203 
0 0 0.148208 0 

0 0.231065 9.76894 0 
0 0 6.85247 9.02767 
0 3.64908 0 10.1205 
0 0 0.148196 0 

0 0.231239 9.76876 0 
0 0 6.85249 9.02742 
0 3.64867 0 10.1208 
0 0 0.148185 0 

0 0.231414 9.76859 0 
0 0 6.8525 9.02718 
0 3.64826 0 10.121 
0 0 0.148174 0 

0 0.231589 9.76841 0 
0 0 6.85251 9.02694 
0 3.64785 0 10.1212 
0 0 0.148162 0 

0 0.231764 9.76824 0 
0 0 6.85252 9.0267 
0 3.64745 0 10.1215 
0 0 0.148151 0 

0 0.23194 9.76806 0 
0 0 6.85253 9.02646 
0 3.64704 0 10.1217 
0 0 0.14814 0 

0 0.232117 9.76788 0 
0 0 6.85254 9.02622 
0 3.64663 0 10.1219 
0 0 0.148129 0 

0 0.232293 9.76771 0 
0 0 6.85255 9.02598 
0 3.64623 0 10.1221 
0 0 0.148118 0 

0 0.23247 9.76753 0 
0 0 6.85256 9.02574 
0 3.64582 0 10.1224 
0 0 0.148106 0 

RecurrentPathTraffic_t,od,path
0 0.908584 1.05595 6.03547 
0 0 4 
0 0.785813 2.41419 
0 5.1804 0.419603 

0 0 0 8 
4 0 0 
0 0 3.2 
5.6 0 0 

0 0 0 8 
4 0 0 
0 0 3.2 
5.6 0 0 

0 0 0 8 
4 0 0 
0 0 3.2 
5.6 0 0 

0 0 0 8 
4 0 0 
0 0 3.2 
5.6 0 0 

0 0 0 8 
4 0 0 
0 0 3.2 
5.6 0 0 

0 0 0 8 
4 0 0 
0 0 3.2 
5.6 0 0 

0 0 0 8 
4 0 0 
0 0 3.2 
5.6 0 0 

0 0 0 8 
4 0 0 
0 0 3.2 
5.6 0 0 

0 0 0 8 
4 0 0 
0 0 3.2 
5.6 0 0 

0 8 0 0 
0 0 4 
0 3.2 0 
0 5.6 0 

0 8 0 0 
0 0 4 
0 3.2 0 
0 5.6 0 

0 8 0 0 
0 0 4 
0 3.2 0 
0 5.6 0 

0 8 0 0 
0 0 4 
0 3.2 0 
0 5.6 0 

0 8 0 0 
0 0 4 
0 3.2 0 
0 5.6 0 

0 8 0 0 
0 0 4 
0 3.2 0 
0 5.6 0 

0 8 0 0 
0 0 4 
0 3.2 0 
0 5.6 0 

0 8 0 0 
0 0 4 
0 3.2 0 
0 5.6 0 

0 8 0 0 
0 0 4 
0 3.2 0 
0 5.6 0 

0 8 0 0 
0 0 4 
0 3.2 0 
0 5.6 0 

0.0641176 7.93588 0 0 
0 0 4 
0 3.2 0 
0 5.59836 0.00164392 

0.0897032 7.9103 0 0 
0 0 4 
0 3.2 0 
0 5.59678 0.00322105 

0.114993 7.88501 0 0 
0 0 4 
0 3.2 0 
0 5.59523 0.00477188 

0.139991 7.86001 0 0 
0 0 4 
0 3.2 0 
0 5.5937 0.00629651 

0.164704 7.8353 0 0 
0 0 4 
0 3.2 0 
0 5.5922 0.00779504 

0.189136 7.81086 0 0 
0 0 4 
0 3.2 0 
0 5.59073 0.00926757 

0.213292 7.78671 0 0 
0 0 4 
0 3.2 0 
0 5.58929 0.0107142 

0.237176 7.76282 0 0 
0 0 4 
0 3.2 0 
0 5.58786 0.0121351 

0.260793 7.73921 0 0 
0 0 4 
0 3.2 0 
0 5.58647 0.0135302 

0.284147 7.71585 0 0 
0 0 4 
0 3.2 0 
0 5.5851 0.0148998 

0 0 0 8 
0 0 4 
0 3.2 0 
0 5.58376 0.0162439 

0 0 0 8 
0 0 4 
0 3.19882 0.00117569 
0 5.58075 0.0192523 

0 0 0 8 
0 0 4 
0 3.19765 0.00235018 
0 5.57774 0.0222608 

0 0 0 8 
0 0 4 
0 3.19648 0.00352349 
0 5.57473 0.0252691 

0 0 0 8 
0 0 4 
0 3.1953 0.0046956 
0 5.57172 0.0282774 

0 0 0 8 
0 0 4 
0 3.19413 0.00586652 
0 5.56871 0.0312857 

0 0 0 8 
0 0 4 
0 3.19296 0.00703625 
0 5.56571 0.0342939 

0 0 0 8 
0 0 4 
0 3.1918 0.00820479 
0 5.5627 0.037302 

0 0 0 8 
0 0 4 
0 3.19063 0.00937213 
0 5.55969 0.04031 

0 0 0 8 
0 0 4 
0 3.18946 0.0105383 
0 5.55668 0.043318 

0.000672365 0.00307237 0 7.99626 
0 0 4 
0 3.18904 0.0109551 
0 5.55669 0.0433067 

0.000671183 0.00324747 3.31788e-07 7.99608 
0 0 4 
0 3.18864 0.0113637 
0 5.5567 0.0432955 

0.000670003 0.00342297 6.6298e-07 7.99591 
0 0 4 
0 3.18823 0.0117719 
0 5.55672 0.0432842 

0.000668824 0.00359886 9.93577e-07 7.99573 
0 0 4 
0 3.18782 0.0121798 
0 5.55673 0.043273 

0.000667647 0.00377514 1.32358e-06 7.99556 
0 0 4 
0 3.18741 0.0125873 
0 5.55674 0.0432617 

0.000666473 0.0039518 1.65299e-06 7.99538 
0 0 4 
0 3.18701 0.0129946 
0 5.55675 0.0432505 

0.0006653 0.00412885 1.9818e-06 7.9952 
0 0 4 
0 3.1866 0.0134015 
0 5.55676 0.0432392 

0.000664129 0.00430628 2.31003e-06 7.99503 
0 0 4 
0 3.18619 0.0138081 
0 5.55677 0.043228 

0.00066296 0.00448409 2.63766e-06 7.99485 
0 0 4 
0 3.18579 0.0142143 
0 5.55678 0.0432167 

0.000661793 0.00466227 2.9647e-06 7.99467 
0 0 4 
0 3.18538 0.0146203 
0 5.55679 0.0432055 


0 13
0 15
0 19
0 25
0 37
0 39
0 44
0 46
1 2
1 4
1 20
1 22
1 31
1 33
1 43
1 45
2 2
2 4
2 6
2 12
2 18
2 49
3 2
3 4
3 13
3 15
3 25
3 27
3 37
3 43
3 49
4 2
4 4
4 7
4 9
4 13