Routes for this network:
0 1 2 3 
0 1 3 
0 2 1 3 
0 2 3 

1 0 2 3 
1 2 3 
1 3 

2 0 1 3 
2 1 3 
2 3 

1 0 2 
1 2 
1 3 2 

Maintenance StartTime
0 25
1 1
2 10
ArcFlowsAll_t,v,w
0 1.13573 8.86427 0 
0 0 6.4755 8.96244 
0 2.3022 0 10.5621 
0 0 0.524504 0 

0 10 0 0 
0 0 7.79778 15.3936 
0 1.19138 0 4.58147 
0 0 0.975073 0 

0 10 0 0 
0 0 9.27894 14.4051 
0 1.68406 0 5.77513 
0 0 1.18025 0 

0 10 0 0 
0 0 9.94854 14.0058 
0 1.95432 0 6.24971 
0 0 1.25548 0 

0 10 0 0 
0 0 10.4085 13.7417 
0 2.15019 0 6.5132 
0 0 1.25487 0 

0 10 0 0 
0 0 10.7639 13.5393 
0 2.3032 0 6.69888 
0 0 1.23819 0 

0 10 0 0 
0 0 11.0571 13.3702 
0 2.42739 0 6.83774 
0 0 1.20799 0 

0 10 0 0 
0 0 11.3036 13.227 
0 2.53052 0 6.93953 
0 0 1.16648 0 

0 10 0 0 
0 0 11.5245 13.0933 
0 2.61777 0 7.0227 
0 0 1.11601 0 

0 10 0 0 
0 0 11.7232 12.969 
0 2.69222 0 7.08939 
0 0 1.05838 0 

0 10 0 0 
0 0 0 22.4604 
0 0.460441 0 5.31241 
0 0 8.77285 0 

0 10 0 0 
0 0 0 22.4604 
0 0.460441 0 5.31241 
0 0 8.77285 0 

0 10 0 0 
0 0 0 22.4604 
0 0.460441 0 5.31241 
0 0 8.77285 0 

0 10 0 0 
0 0 0 22.4604 
0 0.460441 0 5.31241 
0 0 8.77285 0 

0 10 0 0 
0 0 0 22.4604 
0 0.460441 0 5.31241 
0 0 8.77285 0 

0 10 0 0 
0 0 0 22.4604 
0 0.460441 0 5.31241 
0 0 8.77285 0 

0 10 0 0 
0 0 0 22.4604 
0 0.460441 0 5.31241 
0 0 8.77285 0 

0 10 0 0 
0 0 0 22.4604 
0 0.460441 0 5.31241 
0 0 8.77285 0 

0 10 0 0 
0 0 0 22.4604 
0 0.460441 0 5.31241 
0 0 8.77285 0 

0 10 0 0 
0 0 0 22.4604 
0 0.460441 0 5.31241 
0 0 8.77285 0 

0 10 0 0 
0 0 11.068 11.3925 
0 0.460441 0 13.3124 
0 0 5.7049 0 

0 -0.0232114 10.3309 0 
0.145269 0 -0.781203 17.2872 
0.162412 4.6745 0 7.27241 
0 0 5.55963 0 

0 5.13932 7.83597 0 
2.90737 0 11.7549 1.39115 
0.0679169 -1.08592 0 19.0127 
0 0 1.40383 0 

0 2.69891 11.1027 0 
2.17185 0 -5.14823 29.8332 
1.6298 12.1579 0 -8.97081 
0 0 1.86241 0 

0 15.2253 1.64921 0 
7.04847 0 43.1071 -46.0371 
-0.173945 -23.1069 0 63.3845 
0 0 -1.65261 0 

0 0 10 0 
0 0 -119.076 1991.13 
0 1860.05 0 -1926.95 
0 0 45.1728 0 

0 0 10 0 
0 0 131.267 -5.05313e+07 
0 -5.05312e+07 0 5.05313e+07 
0 0 -39.363 0 

0 0 10 0 
0 0 -2.53193e+27 2.53193e+27 
0 5.05312e+07 0 -2.53193e+27 
0 0 84328.8 0 

0 0 10 0 
0 0 2.53193e+27 -9.96791e+111 
0 -9.96791e+111 0 9.96791e+111 
0 0 -84323 0 

0 0 10 0 
0 0 -inf inf 
0 9.96791e+111 0 -inf 
0 0 2.49507e+109 0 

0 0 10 0 
0 0 -nan(ind) -nan(ind) 
0 -inf 0 -nan(ind) 
0 0 -2.49507e+109 0 

0 0 10 0 
0 0 -nan(ind) -nan(ind) 
0 -nan(ind) 0 -nan(ind) 
0 0 2.49507e+109 0 

0 0 10 0 
0 0 -nan(ind) -nan(ind) 
0 -nan(ind) 0 -nan(ind) 
0 0 -2.49507e+109 0 

0 0 10 0 
0 0 -nan(ind) -nan(ind) 
0 -nan(ind) 0 -nan(ind) 
0 0 2.49507e+109 0 

0 0 10 0 
0 0 -nan(ind) -nan(ind) 
0 -nan(ind) 0 -nan(ind) 
0 0 -2.49507e+109 0 

RecurrentPathTraffic_t,od,path
0 0.908584 1.05595 6.03547 0 0 4 0 0.785813 2.41419 0 5.1804 0.419603 
0 8 0 0 0 0 4 0 0.73094 2.46906 0 4.72983 0.870172 
1.68633 6.31367 0 0 0 0 4 0 1.22362 1.97638 0 4.52465 1.07535 
2.43117 5.56883 0 0 0 0 4 0 1.49388 1.70612 0 4.44942 1.15058 
2.85913 5.14087 0 0 0 0.0314094 3.96859 0 1.68975 1.51025 0 4.45003 1.14997 
3.10596 4.89404 0 0 0 0.12326 3.87674 0 1.84276 1.35724 0 4.46671 1.13329 
3.22822 4.77178 0 0 0 0.264054 3.73595 0 1.96694 1.23306 0 4.49692 1.10308 
3.25339 4.74661 0 0 0 0.443811 3.55619 0 2.07008 1.12992 0 4.53842 1.06158 
3.21515 4.78485 0 0 0 0.652467 3.34753 0 2.15733 1.04267 0 4.58889 1.01111 
3.12639 4.87361 0 0 0 0.882369 3.11763 0 2.23178 0.968218 0 4.64652 0.953477 
0 8 0 0 0 0 4 0 0 3.2 0 0 5.6 
0 8 0 0 0 0 4 0 0 3.2 0 0 5.6 
0 8 0 0 0 0 4 0 0 3.2 0 0 5.6 
0 8 0 0 0 0 4 0 0 3.2 0 0 5.6 
0 8 0 0 0 0 4 0 0 3.2 0 0 5.6 
0 8 0 0 0 0 4 0 0 3.2 0 0 5.6 
0 8 0 0 0 0 4 0 0 3.2 0 0 5.6 
0 8 0 0 0 0 4 0 0 3.2 0 0 5.6 
0 8 0 0 0 0 4 0 0 3.2 0 0 5.6 
0 8 0 0 0 0 4 0 0 3.2 0 0 5.6 
8 0 0 0 0 0 4 0 0 3.2 0 0 5.6 
-2.0763 1.66353 4.08638 4.32638 0 0 4 0.162412 0.12767 2.90992 0.145269 0 5.45473 
6.48269 -1.63844 -1.62756 4.7833 1.04235 1.54104 1.41662 0.0679169 0.0811951 3.05089 1.86503 2.43604 1.29893 
-8.69447 9.53644 9.78868 -2.63064 0.338033 0.242462 3.4195 1.6298 1.9088 -0.338602 1.83381 2.00868 1.75751 
34.0834 -18.9113 -23.064 15.8919 3.71078 3.70872 -3.4195 -0.173945 -0.50326 3.8772 3.33769 4.01982 -1.75751 
0 0 1855.85 -1847.85 0 -80.9035 84.9035 0 3.51263 -0.312632 0 -39.4679 45.0679 
0 0 -47.6755 55.6755 0 84.9035 -80.9035 0 -5.05312e+07 5.05312e+07 0 45.0679 -39.4679 
0 0 0 8 0 -2.53193e+27 2.53193e+27 0 5.05312e+07 -5.05312e+07 0 -84323.1 84328.7 
0 0 0 8 0 2.53193e+27 -2.53193e+27 0 -9.96791e+111 9.96791e+111 0 84328.7 -84323.1 
0 0 0 8 0 -inf inf 0 9.96791e+111 -9.96791e+111 0 -2.49507e+109 2.49507e+109 
0 0 0 8 0 -nan(ind) -nan(ind) 0 -inf inf 0 2.49507e+109 -2.49507e+109 
0 0 0 8 0 -nan(ind) -nan(ind) 0 -nan(ind) -nan(ind) 0 -2.49507e+109 2.49507e+109 
0 0 0 8 0 -nan(ind) -nan(ind) 0 -nan(ind) -nan(ind) 0 2.49507e+109 -2.49507e+109 
0 0 0 8 0 -nan(ind) -nan(ind) 0 -nan(ind) -nan(ind) 0 -2.49507e+109 2.49507e+109 
0 0 0 8 0 -nan(ind) -nan(ind) 0 -nan(ind) -nan(ind) 0 2.49507e+109 -2.49507e+109 
inf