Routes for this network:
0 1 2 3 
0 1 3 
0 2 1 3 
0 2 3 

1 0 2 3 
1 2 3 
1 3 

2 0 1 3 
2 1 3 
2 3 

1 0 2 
1 2 
1 3 2 

Maintenance StartTime
0 21
1 1
2 1
ArcFlowsAll_t,v,w
0 1.13573 8.86427 0 
0 0 6.4755 8.96244 
0 2.3022 0 10.5621 
0 0 0.524504 0 

0 10 0 0 
0 0 0 22.4604 
0 0.460441 0 5.31241 
0 0 8.77285 0 

0 10 0 0 
0 0 0 22.4604 
0 0.460441 0 5.31241 
0 0 8.77285 0 

0 10 0 0 
0 0 0 22.4604 
0 0.460441 0 5.31241 
0 0 8.77285 0 

0 10 0 0 
0 0 0 22.4604 
0 0.460441 0 5.31241 
0 0 8.77285 0 

0 10 0 0 
0 0 0 22.4604 
0 0.460441 0 5.31241 
0 0 8.77285 0 

0 10 0 0 
0 0 0 22.4604 
0 0.460441 0 5.31241 
0 0 8.77285 0 

0 10 0 0 
0 0 0 22.4604 
0 0.460441 0 5.31241 
0 0 8.77285 0 

0 10 0 0 
0 0 0 22.4604 
0 0.460441 0 5.31241 
0 0 8.77285 0 

0 10 0 0 
0 0 0 22.4604 
0 0.460441 0 5.31241 
0 0 8.77285 0 

0 10 0 0 
0 0 0 22.4604 
0 0.460441 0 5.31241 
0 0 8.77285 0 

0 10 0 0 
0 0 4.1748 18.2856 
0 0.460441 0 6.41926 
0 0 5.7049 0 

0 10 0 0 
0 0 4.51691 18.0929 
0 0.609765 0 6.61204 
0 0 5.7049 0 

0 10 0 0 
0 0 4.82624 17.9191 
0 0.745326 0 6.78582 
0 0 5.7049 0 

0 10 0 0 
0 0 5.10762 17.7616 
0 0.869186 0 6.94333 
0 0 5.7049 0 

0 10 0 0 
0 0 5.3649 17.6181 
0 0.98299 0 7.08681 
0 0 5.7049 0 

0 10 0 0 
0 0 5.60123 17.4868 
0 1.08807 0 7.21806 
0 0 5.7049 0 

0 10 0 0 
0 0 5.8192 17.3663 
0 1.18552 0 7.33858 
0 0 5.7049 0 

0 10 0 0 
0 0 6.02097 17.2553 
0 1.27626 0 7.44961 
0 0 5.7049 0 

0 10 0 0 
0 0 6.20835 17.1527 
0 1.36103 0 7.55223 
0 0 5.7049 0 

0 10 0 0 
0 0 6.3829 17.0576 
0 1.44047 0 7.64733 
0 0 5.7049 0 

0 0 10 0 
0 0 1.2951 12.4472 
0 1.7423 0 12.2577 
0 0 5.7049 0 

0 0 10 0 
0 0 1.31045 12.4416 
0 1.75201 0 12.2633 
0 0 5.7049 0 

0 0 10 0 
0 0 1.32583 12.4358 
0 1.76164 0 12.2691 
0 0 5.7049 0 

0 0 10 0 
0 0 1.34122 12.43 
0 1.77118 0 12.2749 
0 0 5.7049 0 

0 0 10 0 
0 0 1.35664 12.424 
0 1.78063 0 12.2809 
0 0 5.7049 0 

0 0 10 0 
0 0 1.37208 12.4179 
0 1.78999 0 12.287 
0 0 5.7049 0 

0 0 10 0 
0 0 1.38755 12.4117 
0 1.79927 0 12.2932 
0 0 5.7049 0 

0 0 10 0 
0 0 1.40304 12.4054 
0 1.80845 0 12.2995 
0 0 5.7049 0 

0 0 10 0 
0 0 1.41856 12.399 
0 1.81755 0 12.3059 
0 0 5.7049 0 

0 0 10 0 
0 0 1.43411 12.3924 
0 1.82656 0 12.3125 
0 0 5.7049 0 

0 0.367499 9.67786 0 
0.0383023 0 1.55965 12.3603 
0.00705534 1.59073 0 12.2402 
0 0 5.60043 0 

0 0.366866 9.68591 0 
0.0458459 0 1.62888 12.2791 
0.0069324 1.58697 0 12.2436 
0 0 5.52275 0 

0 0.366249 9.69196 0 
0.0513969 0 1.69542 12.203 
0.00681371 1.58358 0 12.2467 
0 0 5.44967 0 

0 0.365649 9.69624 0 
0.05519 0 1.7595 12.1315 
0.00669895 1.58053 0 12.2493 
0 0 5.38076 0 

0 0.365064 9.69895 0 
0.0574279 0 1.82132 12.0641 
0.00658785 1.57779 0 12.2515 
0 0 5.31561 0 

0 0.364493 9.70027 0 
0.0582869 0 1.88104 12.0005 
0.00648014 1.57532 0 12.2534 
0 0 5.25388 0 

0 0.363935 9.70036 0 
0.0579208 0 1.93883 11.9403 
0.00637562 1.57312 0 12.255 
0 0 5.19527 0 

0 0.363391 9.70007 0 
0.057188 0 1.99481 11.8825 
0.00627408 1.57116 0 12.2562 
0 0 5.1388 0 

0 0.362859 9.69977 0 
0.0564541 0 2.04909 11.8267 
0.00617537 1.56942 0 12.2573 
0 0 5.08398 0 

0 0.362339 9.69946 0 
0.0557199 0 2.10177 11.7727 
0.00607933 1.56789 0 12.258 
0 0 5.03074 0 

0 0.361833 9.69914 0 
0.0549862 0 2.15293 11.7205 
0.00598584 1.56656 0 12.2585 
0 0 4.97899 0 

0 0.361566 9.69858 0 
0.0542536 0 2.20265 11.6701 
0.00589476 1.56542 0 12.2586 
0 0 4.92865 0 

0 0.362511 9.69682 0 
0.0535229 0 2.25101 11.6224 
0.00580599 1.56446 0 12.2572 
0 0 4.87965 0 

0 0.364531 9.69398 0 
0.0527951 0 2.29809 11.5773 
0.00571937 1.56366 0 12.2546 
0 0 4.8319 0 

RecurrentPathTraffic_t,od,path
0 0.908584 1.05595 6.03547 0 0 4 0 0.785813 2.41419 0 5.1804 0.419603 
0 8 0 0 0 0 4 0 0 3.2 0 0 5.6 
0 8 0 0 0 0 4 0 0 3.2 0 0 5.6 
0 8 0 0 0 0 4 0 0 3.2 0 0 5.6 
0 8 0 0 0 0 4 0 0 3.2 0 0 5.6 
0 8 0 0 0 0 4 0 0 3.2 0 0 5.6 
0 8 0 0 0 0 4 0 0 3.2 0 0 5.6 
0 8 0 0 0 0 4 0 0 3.2 0 0 5.6 
0 8 0 0 0 0 4 0 0 3.2 0 0 5.6 
0 8 0 0 0 0 4 0 0 3.2 0 0 5.6 
0 8 0 0 0 0 4 0 0 3.2 0 0 5.6 
1.10685 6.89315 0 0 0 0 4 0 0 3.2 0 0 5.6 
1.44895 6.55105 0 0 0 0 4 0 0.149324 3.05068 0 0 5.6 
1.75829 6.24171 0 0 0 0 4 0 0.284886 2.91511 0 0 5.6 
2.03967 5.96033 0 0 0 0 4 0 0.408745 2.79125 0 0 5.6 
2.29695 5.70305 0 0 0 0 4 0 0.522549 2.67745 0 0 5.6 
2.53328 5.46672 0 0 0 0 4 0 0.627631 2.57237 0 0 5.6 
2.75125 5.24875 0 0 0 0 4 0 0.725084 2.47492 0 0 5.6 
2.95301 5.04699 0 0 0 0 4 0 0.815815 2.38419 0 0 5.6 
3.1404 4.8596 0 0 0 0 4 0 0.900584 2.29942 0 0 5.6 
3.31495 4.68505 0 0 0 0 4 0 0.980034 2.21997 0 0 5.6 
0 0 0 8 0 0 4 0 1.05471 2.14529 0 0 5.6 
0 0 0 8 0 0.0153529 3.98465 0 1.06443 2.13557 0 0 5.6 
0 0 0 8 0 0.0307268 3.96927 0 1.07405 2.12595 0 0 5.6 
0 0 0 8 0 0.0461226 3.95388 0 1.08359 2.11641 0 0 5.6 
0 0 0 8 0 0.0615413 3.93846 0 1.09304 2.10696 0 0 5.6 
0 0 0 8 0 0.0769839 3.92302 0 1.10241 2.09759 0 0 5.6 
0 0 0 8 0 0.0924512 3.90755 0 1.11168 2.08832 0 0 5.6 
0 0 0 8 0 0.107944 3.89206 0 1.12087 2.07913 0 0 5.6 
0 0 0 8 0 0.123464 3.87654 0 1.12996 2.07004 0 0 5.6 
0 0 0 8 0 0.139011 3.86099 0 1.13897 2.06103 0 0 5.6 
0.0546489 0.0786489 0 7.8667 0.00565966 0.138073 3.85627 0.00705534 1.13029 2.06266 0.0326426 0.0718256 5.49553 
0.0541719 0.0786151 7.43078e-05 7.86714 0.00551823 0.137781 3.8567 0.0069324 1.12646 2.06661 0.0403276 0.141828 5.41784 
0.0536676 0.0786218 0.000163379 7.86755 0.00537852 0.137446 3.85718 0.00681371 1.12298 2.07021 0.0460184 0.20921 5.34477 
0.053139 0.0786648 0.000265711 7.86793 0.00524073 0.137072 3.85769 0.00669895 1.11982 2.07348 0.0499492 0.274193 5.27586 
0.052589 0.0787407 0.000379966 7.86829 0.00510506 0.136663 3.85823 0.00658785 1.11696 2.07645 0.0523228 0.336968 5.21071 
0.0520201 0.0788463 0.000504944 7.86863 0.00497164 0.136221 3.85881 0.00648014 1.11438 2.07914 0.0533153 0.397703 5.14898 
0.0514346 0.0789788 0.000639567 7.86895 0.00484061 0.135749 3.85941 0.00637562 1.11204 2.08158 0.0530802 0.456546 5.09037 
0.0508346 0.0791358 0.000782862 7.86925 0.00471204 0.135249 3.86004 0.00627408 1.10993 2.08379 0.0524759 0.513626 5.0339 
0.0502218 0.0793153 0.000934001 7.86953 0.004586 0.134724 3.86069 0.00617537 1.10804 2.08578 0.0518681 0.569048 4.97908 
0.0495979 0.0795159 0.00109225 7.86979 0.0044625 0.134176 3.86136 0.00607933 1.10636 2.08756 0.0512574 0.622901 4.92584 
0.0489643 0.0797363 0.00125691 7.87004 0.00434157 0.133604 3.86205 0.00598584 1.10486 2.08915 0.0506446 0.675266 4.87409 
0.0483224 0.0802023 0.00142736 7.87005 0.00422321 0.133012 3.86276 0.00589476 1.10355 2.09055 0.0500304 0.72622 4.82375 
0.0476737 0.0818849 0.00160294 7.86884 0.00410744 0.132401 3.86349 0.00580599 1.10242 2.09178 0.0494155 0.775836 4.77475 
0.0470198 0.0846459 0.00178282 7.86655 0.0039943 0.131772 3.86423 0.00571937 1.10143 2.09285 0.0488008 0.824196 4.727 
3746.59