Routes for this network:
0 1 2 3 
0 1 3 
0 2 1 3 
0 2 3 

1 0 2 3 
1 2 3 
1 3 

2 0 1 3 
2 1 3 
2 3 

1 0 2 
1 2 
1 3 2 

Maintenance StartTime
0 35
1 15
2 25
ArcFlowsAll_t,v,w
0 5.23955 4.76045 0 
0 0 10.3527 14.8868 
0 0 0 15.1132 
0 0 0 0 

0 5.24034 4.75966 0 
0 0 10.3519 14.8885 
0 0 0 15.1115 
0 0 0 0 

0 5.24111 4.75889 0 
0 0 10.351 14.8901 
0 0 0 15.1099 
0 0 0 0 

0 5.24187 4.75813 0 
0 0 10.3501 14.8917 
0 0 0 15.1083 
0 0 0 0 

0 5.24262 4.75738 0 
0 0 10.3493 14.8933 
0 0 0 15.1067 
0 0 0 0 

0 5.24335 4.75665 0 
0 0 10.3484 14.8949 
0 0 0 15.1051 
0 0 0 0 

0 5.24407 4.75593 0 
0 0 10.3476 14.8965 
0 0 0 15.1035 
0 0 0 0 

0 5.24478 4.75522 0 
0 0 10.3467 14.898 
0 0 0 15.102 
0 0 0 0 

0 5.24548 4.75452 0 
0 0 10.3459 14.8996 
0 0 0 15.1004 
0 0 0 0 

0 5.24617 4.75383 0 
0 0 10.3451 14.9011 
0 0 0 15.0989 
0 0 0 0 

0 5.24684 4.75316 0 
0 0 10.3442 14.9026 
0 0 0 15.0974 
0 0 0 0 

0 5.24751 4.75249 0 
0 0 10.3434 14.9041 
0 0 0 15.0959 
0 0 0 0 

0 5.24816 4.75184 0 
0 0 10.3426 14.9056 
0 0 0 15.0944 
0 0 0 0 

0 5.2488 4.7512 0 
0 0 10.3418 14.907 
0 0 0 15.093 
0 0 0 0 

0 5.24943 4.75057 0 
0 0 10.3409 14.9085 
0 0 0 15.0915 
0 0 0 0 

0 10 0 0 
0 0 11.2922 18.7078 
0 0 0 11.2922 
0 0 0 0 

0 10 0 0 
0 0 11.3644 18.6356 
0 0 0 11.3644 
0 0 0 0 

0 10 0 0 
0 0 11.4331 18.5669 
0 0 0 11.4331 
0 0 0 0 

0 10 0 0 
0 0 11.4986 18.5014 
0 0 0 11.4986 
0 0 0 0 

0 10 0 0 
0 0 11.5611 18.4389 
0 0 0 11.5611 
0 0 0 0 

0 10 0 0 
0 0 11.6206 18.3794 
0 0 0 11.6206 
0 0 0 0 

0 10 0 0 
0 0 11.6774 18.3226 
0 0 0 11.6774 
0 0 0 0 

0 10 0 0 
0 0 11.7315 18.2685 
0 0 0 11.7315 
0 0 0 0 

0 10 0 0 
0 0 11.7833 18.2167 
0 0 0 11.7833 
0 0 0 0 

0 10 0 0 
0 0 11.8327 18.1673 
0 0 0 11.8327 
0 0 0 0 

0 8.70575 11.9297 0 
10.6354 0 0 18.0703 
0 0 0 11.9297 
0 0 0 0 

0 8.66544 11.9699 0 
10.6354 0 0 18.0301 
0 0 0 11.9699 
0 0 0 0 

0 8.62624 12.009 0 
10.6353 0 0 17.991 
0 0 0 12.009 
0 0 0 0 

0 8.58811 12.047 0 
10.6351 0 0 17.953 
0 0 0 12.047 
0 0 0 0 

0 8.551 12.0838 0 
10.6348 0 0 17.9162 
0 0 0 12.0838 
0 0 0 0 

0 8.51487 12.1197 0 
10.6346 0 0 17.8803 
0 0 0 12.1197 
0 0 0 0 

0 8.4797 12.1545 0 
10.6342 0 0 17.8455 
0 0 0 12.1545 
0 0 0 0 

0 8.44544 12.1884 0 
10.6338 0 0 17.8116 
0 0 0 12.1884 
0 0 0 0 

0 8.41206 12.2213 0 
10.6334 0 0 17.7787 
0 0 0 12.2213 
0 0 0 0 

0 8.37954 12.2533 0 
10.6329 0 0 17.7467 
0 0 0 12.2533 
0 0 0 0 

0 0 10 0 
0 0 10.672 17.7084 
0 8.38041 0 12.2916 
0 0 0 0 

0 0 10 0 
0 0 10.6911 17.6314 
0 8.32254 0 12.3686 
0 0 0 0 

0 0 10 0 
0 0 10.7089 17.5575 
0 8.26642 0 12.4425 
0 0 0 0 

0 0 10 0 
0 0 10.7254 17.4866 
0 8.21194 0 12.5134 
0 0 0 0 

0 0 10 0 
0 0 10.7407 17.4184 
0 8.15903 0 12.5816 
0 0 0 0 

0 0 10 0 
0 0 10.7548 17.3528 
0 8.10761 0 12.6472 
0 0 0 0 

0 0 10 0 
0 0 10.7679 17.2897 
0 8.0576 0 12.7103 
0 0 0 0 

0 0 10 0 
0 0 10.78 17.229 
0 8.00894 0 12.771 
0 0 0 0 

0 0 10 0 
0 0 10.791 17.1706 
0 7.96156 0 12.8294 
0 0 0 0 

0 0 10 0 
0 0 10.8011 17.1143 
0 7.9154 0 12.8857 
0 0 0 0 

0 1.16592 8.85142 0 
0.0173415 0 10.8606 16.9964 
0 6.70845 0 13.0036 
0 0 0 0 

0 1.20711 8.8102 0 
0.0173092 0 10.8919 16.9234 
0 6.62553 0 13.0766 
0 0 0 0 

0 1.24638 8.7709 0 
0.0172748 0 10.9205 16.8546 
0 6.54597 0 13.1454 
0 0 0 0 

0 1.28387 8.73337 0 
0.0172385 0 10.9465 16.7896 
0 6.46955 0 13.2104 
0 0 0 0 

0 1.31972 8.69748 0 
0.0172004 0 10.9702 16.7283 
0 6.39603 0 13.2717 
0 0 0 0 

0 1.35403 8.66313 0 
0.0171606 0 10.9917 16.6704 
0 6.32522 0 13.3296 
0 0 0 0 

0 1.38692 8.6302 0 
0.0171192 0 11.011 16.6157 
0 6.25693 0 13.3843 
0 0 0 0 

0 1.41847 8.5986 0 
0.0170763 0 11.0285 16.5639 
0 6.191 0 13.4361 
0 0 0 0 

0 1.44879 8.56825 0 
0.0170321 0 11.0441 16.5149 
0 6.12728 0 13.4851 
0 0 0 0 

0 1.47794 8.53905 0 
0.0169866 0 11.0584 16.4682 
0 6.06563 0 13.5318 
0 0 0 0 

RecurrentPathTraffic_t,od,path
0 4.19164 0 3.80836 0 0.282174 7.71783 0 0 8 0 8 0 
0 4.19243 0 3.80757 0 0.281309 7.71869 0 0 8 0 8 0 
0 4.1932 0 3.8068 0 0.280447 7.71955 0 0 8 0 8 0 
0 4.19396 0 3.80604 0 0.27959 7.72041 0 0 8 0 8 0 
0 4.19471 0 3.80529 0 0.278736 7.72126 0 0 8 0 8 0 
0 4.19544 0 3.80456 0 0.277885 7.72211 0 0 8 0 8 0 
0 4.19616 0 3.80384 0 0.277038 7.72296 0 0 8 0 8 0 
0 4.19687 0 3.80313 0 0.276195 7.72381 0 0 8 0 8 0 
0 4.19757 0 3.80243 0 0.275355 7.72465 0 0 8 0 8 0 
0 4.19826 0 3.80174 0 0.274519 7.72548 0 0 8 0 8 0 
0 4.19893 0 3.80107 0 0.273686 7.72631 0 0 8 0 8 0 
0 4.1996 0 3.8004 0 0.272856 7.72714 0 0 8 0 8 0 
0 4.20025 0 3.79975 0 0.27203 7.72797 0 0 8 0 8 0 
0 4.20089 0 3.79911 0 0.271207 7.72879 0 0 8 0 8 0 
0 4.20152 0 3.79848 0 0.270387 7.72961 0 0 8 0 8 0 
0 8 0 0 0 0.269571 7.73043 0 0 8 0 8 0 
0.0367154 7.96328 0 0 0 0.305049 7.69495 0 0 8 0 8 0 
0.0716761 7.92832 0 0 0 0.338832 7.66117 0 0 8 0 8 0 
0.104983 7.89502 0 0 0 0.371016 7.62898 0 0 8 0 8 0 
0.136728 7.86327 0 0 0 0.401692 7.59831 0 0 8 0 8 0 
0.166999 7.833 0 0 0 0.430943 7.56906 0 0 8 0 8 0 
0.195876 7.80412 0 0 0 0.458847 7.54115 0 0 8 0 8 0 
0.223434 7.77657 0 0 0 0.485476 7.51452 0 0 8 0 8 0 
0.249742 7.75026 0 0 0 0.510898 7.4891 0 0 8 0 8 0 
0.274867 7.72513 0 0 0 0.535176 7.46482 0 0 8 0 8 0 
0 7.65784 0 0.342161 0.564875 0 7.43512 0 0 8 8 0 0 
0 7.61753 0 0.382466 0.564822 0 7.43518 0 0 8 8 0 0 
0 7.57833 0 0.421666 0.564707 0 7.43529 0 0 8 8 0 0 
0 7.5402 0 0.459802 0.564532 0 7.43547 0 0 8 8 0 0 
0 7.50309 0 0.496914 0.564298 0 7.4357 0 0 8 8 0 0 
0 7.46696 0 0.533039 0.564008 0 7.43599 0 0 8 8 0 0 
0 7.43179 0 0.568214 0.563664 0 7.43634 0 0 8 8 0 0 
0 7.39753 0 0.602472 0.563266 0 7.43673 0 0 8 8 0 0 
0 7.36415 0 0.635848 0.562817 0 7.43718 0 0 8 8 0 0 
0 7.33163 0 0.668371 0.562318 0 7.43768 0 0 8 8 0 0 
0 0 7.3325 0.6675 0 0.601476 7.39852 0 0 8 0 8 0 
0 0 7.27463 0.725367 0 0.620568 7.37943 0 0 8 0 8 0 
0 0 7.21851 0.781493 0 0.638331 7.36167 0 0 8 0 8 0 
0 0 7.16403 0.835969 0 0.654831 7.34517 0 0 8 0 8 0 
0 0 7.11112 0.888879 0 0.670133 7.32987 0 0 8 0 8 0 
0 0 7.0597 0.940301 0 0.684294 7.31571 0 0 8 0 8 0 
0 0 7.00969 0.990309 0 0.697369 7.30263 0 0 8 0 8 0 
0 0 6.96103 1.03897 0 0.70941 7.29059 0 0 8 0 8 0 
0 0 6.91365 1.08635 0 0.720463 7.27954 0 0 8 0 8 0 
0 0 6.86749 1.13251 0 0.730575 7.26942 0 0 8 0 8 0 
0.051007 0.067007 6.70845 1.17354 0.0173415 0.739045 7.24361 0 0 8 0 8 0 
0.0750714 0.084128 6.62553 1.21527 0.0173092 0.746306 7.23638 0 0 8 0 8 0 
0.0975906 0.100878 6.54597 1.25556 0.0172748 0.752376 7.23035 0 0 8 0 8 0 
0.118677 0.117286 6.46955 1.29449 0.0172385 0.75733 7.22543 0 0 8 0 8 0 
0.138432 0.133376 6.39603 1.33216 0.0172004 0.761239 7.22156 0 0 8 0 8 0 
0.156949 0.149172 6.32522 1.36866 0.0171606 0.764169 7.21867 0 0 8 0 8 0 
0.174314 0.164693 6.25693 1.40406 0.0171192 0.766178 7.2167 0 0 8 0 8 0 
0.190604 0.179959 6.191 1.43843 0.0170763 0.767324 7.2156 0 0 8 0 8 0 
0.20589 0.194986 6.12728 1.47184 0.0170321 0.767655 7.21531 0 0 8 0 8 0 
0.220239 0.20979 6.06563 1.50434 0.0169866 0.767629 7.21538 0 0 8 0 8 0 
1135.18