Routes for this network:
0 1 2 3 
0 1 3 
0 2 1 3 
0 2 3 

1 0 2 3 
1 2 3 
1 3 

2 0 1 3 
2 1 3 
2 3 

1 0 2 
1 2 
1 3 2 

Maintenance StartTime
0 11
1 1
2 1
ArcFlowsAll_t,v,w
0 5.23955 4.76045 0 
0 0 10.3527 14.8868 
0 0 0 15.1132 
0 0 0 0 

0 10 0 0 
0 0 0 30 
0 0 0 11.0226 
0 0 11.0226 0 

0 10 0 0 
0 0 0 30 
0 0 0 11.0226 
0 0 11.0226 0 

0 10 0 0 
0 0 0 30 
0 0 0 11.0226 
0 0 11.0226 0 

0 10 0 0 
0 0 0 30 
0 0 0 11.0226 
0 0 11.0226 0 

0 10 0 0 
0 0 0 30 
0 0 0 11.0226 
0 0 11.0226 0 

0 10 0 0 
0 0 0 30 
0 0 0 11.0226 
0 0 11.0226 0 

0 10 0 0 
0 0 0 30 
0 0 0 11.0226 
0 0 11.0226 0 

0 10 0 0 
0 0 0 30 
0 0 0 11.0226 
0 0 11.0226 0 

0 10 0 0 
0 0 0 30 
0 0 0 11.0226 
0 0 11.0226 0 

0 10 0 0 
0 0 0 30 
0 0 0 11.0226 
0 0 11.0226 0 

0 0 10 0 
0 0 2.07054 18.9774 
0 1.04791 0 19.0226 
0 0 8 0 

0 0 10 0 
0 0 2.13128 18.9766 
0 1.10791 0 19.0234 
0 0 8 0 

0 0 10 0 
0 0 2.19157 18.9759 
0 1.16744 0 19.0241 
0 0 8 0 

0 0 10 0 
0 0 2.25141 18.9751 
0 1.22652 0 19.0249 
0 0 8 0 

0 0 10 0 
0 0 2.31081 18.9743 
0 1.28514 0 19.0257 
0 0 8 0 

0 0 10 0 
0 0 2.36977 18.9735 
0 1.34332 0 19.0265 
0 0 8 0 

0 0 10 0 
0 0 2.42831 18.9727 
0 1.40104 0 19.0273 
0 0 8 0 

0 0 10 0 
0 0 2.4864 18.9719 
0 1.45832 0 19.0281 
0 0 8 0 

0 0 10 0 
0 0 2.54408 18.9711 
0 1.51516 0 19.0289 
0 0 8 0 

0 0 10 0 
0 0 2.60133 18.9702 
0 1.57156 0 19.0298 
0 0 8 0 

0 1.24313 8.92598 0 
0.123292 0 2.75712 18.8815 
0.0458245 0.518745 0 18.946 
0 0 7.82746 0 

0 1.24741 8.9923 0 
0.194161 0 2.84669 18.7244 
0.0455554 0.517865 0 18.941 
0 0 7.66544 0 

0 1.25414 9.0519 0 
0.260742 0 2.93188 18.5787 
0.0453014 0.51714 0 18.9333 
0 0 7.51192 0 

0 1.26301 9.10552 0 
0.323472 0 3.01312 18.443 
0.0450606 0.516564 0 18.923 
0 0 7.36602 0 

0 1.27378 9.15378 0 
0.382724 0 3.09077 18.3164 
0.0448315 0.516123 0 18.9106 
0 0 7.22703 0 

0 1.28622 9.19721 0 
0.438823 0 3.16519 18.198 
0.0446129 0.5158 0 18.8963 
0 0 7.0943 0 

0 1.30015 9.23631 0 
0.492051 0 3.23664 18.087 
0.0444034 0.515583 0 18.8802 
0 0 6.96728 0 

0 1.31538 9.27147 0 
0.542652 0 3.3054 17.9828 
0.0442022 0.515458 0 18.8627 
0 0 6.84548 0 

0 1.33177 9.30308 0 
0.590843 0 3.37167 17.8847 
0.0440082 0.515416 0 18.8438 
0 0 6.72849 0 

0 1.34918 9.33145 0 
0.636816 0 3.43565 17.7922 
0.0438208 0.515447 0 18.8238 
0 0 6.61593 0 

0 1.36749 9.35688 0 
0.68074 0 3.49752 17.7048 
0.0436392 0.515543 0 18.8027 
0 0 6.50746 0 

0 1.3866 9.37963 0 
0.722765 0 3.55743 17.6221 
0.0434628 0.515697 0 18.7807 
0 0 6.4028 0 

0 1.40639 9.39993 0 
0.763028 0 3.61552 17.5445 
0.043291 0.516616 0 18.7572 
0 0 6.30168 0 

0 1.42677 9.41801 0 
0.801657 0 3.67191 17.4719 
0.0431233 0.518719 0 18.7319 
0 0 6.20384 0 

0 1.44763 9.43409 0 
0.838771 0 3.72673 17.4039 
0.0429591 0.521804 0 18.7051 
0 0 6.10906 0 

0 1.46888 9.44839 0 
0.874475 0 3.7801 17.34 
0.0427978 0.525699 0 18.6771 
0 0 6.01712 0 

0 1.49044 9.46107 0 
0.908864 0 3.8321 17.2797 
0.0426391 0.530255 0 18.6481 
0 0 5.92785 0 

0 1.51223 9.47227 0 
0.942022 0 3.88282 17.2227 
0.0424824 0.535346 0 18.6183 
0 0 5.84108 0 

0 1.5342 9.48215 0 
0.974023 0 3.93234 17.1687 
0.0423276 0.54086 0 18.588 
0 0 5.75666 0 

0 1.55631 9.4908 0 
1.00494 0 3.98073 17.1173 
0.0421744 0.546706 0 18.5571 
0 0 5.67446 0 

0 1.57849 9.49835 0 
1.03482 0 4.02804 17.0684 
0.0420224 0.5528 0 18.5259 
0 0 5.59437 0 

0 1.60073 9.50487 0 
1.06373 0 4.07435 17.0217 
0.0418716 0.559074 0 18.4945 
0 0 5.51627 0 

0 1.62298 9.51046 0 
1.09172 0 4.11968 16.977 
0.0417216 0.565467 0 18.463 
0 0 5.44006 0 

0 1.64522 9.51519 0 
1.11883 0 4.1641 16.9342 
0.0415725 0.57193 0 18.4314 
0 0 5.36566 0 

0 1.66742 9.51911 0 
1.14511 0 4.20765 16.8931 
0.041424 0.578416 0 18.3999 
0 0 5.29298 0 

0 1.68957 9.5223 0 
1.1706 0 4.25035 16.8535 
0.0412761 0.58489 0 18.3684 
0 0 5.22195 0 

0 1.71164 9.5248 0 
1.19532 0 4.29226 16.8154 
0.0411286 0.591318 0 18.3371 
0 0 5.15249 0 

0 1.73363 9.52667 0 
1.21932 0 4.3334 16.7786 
0.0409816 0.597673 0 18.306 
0 0 5.08454 0 

0 1.75552 9.52794 0 
1.24262 0 4.3738 16.743 
0.0408348 0.603933 0 18.275 
0 0 5.01805 0 

0 1.7773 9.52865 0 
1.26526 0 4.41349 16.7086 
0.0406883 0.610078 0 18.2443 
0 0 4.95295 0 

0 1.79895 9.52885 0 
1.28726 0 4.45249 16.6753 
0.040542 0.61609 0 18.2139 
0 0 4.88918 0 

0 1.82048 9.52856 0 
1.30864 0 4.49084 16.643 
0.0403959 0.621957 0 18.1838 
0 0 4.82671 0 

0 1.84188 9.52781 0 
1.32944 0 4.52855 16.6116 
0.0402499 0.627666 0 18.1539 
0 0 4.76549 0 

0 1.86314 9.52663 0 
1.34966 0 4.56565 16.581 
0.0401041 0.633208 0 18.1244 
0 0 4.70547 0 

RecurrentPathTraffic_t,od,path
0 4.19164 0 3.80836 0 0.282174 7.71783 0 0 8 0 8 0 
0 8 0 0 0 0 8 0 0 8 0 0 8 
0 8 0 0 0 0 8 0 0 8 0 0 8 
0 8 0 0 0 0 8 0 0 8 0 0 8 
0 8 0 0 0 0 8 0 0 8 0 0 8 
0 8 0 0 0 0 8 0 0 8 0 0 8 
0 8 0 0 0 0 8 0 0 8 0 0 8 
0 8 0 0 0 0 8 0 0 8 0 0 8 
0 8 0 0 0 0 8 0 0 8 0 0 8 
0 8 0 0 0 0 8 0 0 8 0 0 8 
0 8 0 0 0 0 8 0 0 8 0 0 8 
0 0 0 8 0 0 8 0 0 8 0 0 8 
0 0 0 8 0 0.0607352 7.93926 0 0.0599975 7.94 0 0 8 
0 0 0 8 0 0.121022 7.87898 0 0.119533 7.88047 0 0 8 
0 0 0 8 0 0.180865 7.81913 0 0.178611 7.82139 0 0 8 
0 0 0 8 0 0.240267 7.75973 0 0.237235 7.76277 0 0 8 
0 0 0 8 0 0.299232 7.70077 0 0.295407 7.70459 0 0 8 
0 0 0 8 0 0.357762 7.64224 0 0.353131 7.64687 0 0 8 
0 0 0 8 0 0.415862 7.58414 0 0.41041 7.58959 0 0 8 
0 0 0 8 0 0.473534 7.52647 0 0.467249 7.53275 0 0 8 
0 0 0 8 0 0.530783 7.46922 0 0.52365 7.47635 0 0 8 
0.066699 0.082699 0 7.8506 0.0450094 0.525617 7.42937 0.0458245 0.518745 7.43543 0.0782826 0.0942557 7.82746 
0.0664541 0.0874939 0 7.84605 0.0446919 0.524608 7.4307 0.0455554 0.517865 7.43658 0.149469 0.185088 7.66544 
0.0661913 0.0947369 0 7.83907 0.0443622 0.523444 7.43219 0.0453014 0.51714 7.43756 0.21638 0.271704 7.51192 
0.0658998 0.104142 1.31979e-05 7.82994 0.0440223 0.522146 7.43383 0.0450606 0.516551 7.43839 0.279449 0.354526 7.36602 
0.0655804 0.115458 4.08316e-05 7.81892 0.0436737 0.520729 7.4356 0.0448315 0.516082 7.43909 0.339051 0.43392 7.22703 
0.0652369 0.128463 8.10639e-05 7.80622 0.043318 0.519209 7.43747 0.0446129 0.515719 7.43967 0.395505 0.510197 7.0943 
0.0648725 0.142961 0.000132284 7.79203 0.0429564 0.517598 7.43945 0.0444034 0.51545 7.44015 0.449094 0.583631 6.96728 
0.0644901 0.158779 0.000193077 7.77654 0.0425902 0.515907 7.4415 0.0442022 0.515265 7.44053 0.500062 0.654458 6.84548 
0.0640922 0.175761 0.000262193 7.75988 0.0422202 0.514147 7.44363 0.0440082 0.515154 7.44084 0.548623 0.722889 6.72849 
0.0636811 0.193771 0.000338532 7.74221 0.0418475 0.512325 7.44583 0.0438208 0.515109 7.44107 0.594969 0.789105 6.61593 
0.0632587 0.212686 0.000421117 7.72363 0.0414726 0.510451 7.44808 0.0436392 0.515122 7.44124 0.639267 0.853271 6.50746 
0.0628269 0.232396 0.000509083 7.70427 0.0410965 0.508531 7.45037 0.0434628 0.515188 7.44135 0.681669 0.91553 6.4028 
0.0623871 0.252803 0.000978022 7.68383 0.0407196 0.506571 7.45271 0.043291 0.515638 7.44107 0.722309 0.976014 6.30168 
0.0619411 0.273799 0.00204911 7.66221 0.0403426 0.504578 7.45508 0.0431233 0.51667 7.44021 0.761314 1.03484 6.20384 
0.0614907 0.295275 0.00361764 7.63962 0.0399661 0.50256 7.45747 0.0429591 0.518186 7.43885 0.798804 1.09214 6.10906 
0.0610371 0.317138 0.00559381 7.61623 0.0395908 0.500521 7.45989 0.0427978 0.520105 7.4371 0.834884 1.14799 6.01712 
0.0605818 0.339307 0.00790059 7.59221 0.0392169 0.498467 7.46232 0.0426391 0.522355 7.43501 0.869648 1.2025 5.92785 
0.0601257 0.361713 0.0104719 7.56769 0.0388449 0.496403 7.46475 0.0424824 0.524874 7.43264 0.903177 1.25575 5.84108 
0.0596696 0.384296 0.013251 7.54278 0.0384751 0.494332 7.46719 0.0423276 0.527609 7.43006 0.935548 1.30779 5.75666 
0.0592144 0.407007 0.0161893 7.51759 0.0381078 0.492258 7.46963 0.0421744 0.530516 7.42731 0.966827 1.35871 5.67446 
0.0587607 0.429799 0.0192452 7.49219 0.0377432 0.490182 7.47207 0.0420224 0.533555 7.42442 0.997076 1.40856 5.59437 
0.0583089 0.452637 0.022383 7.46667 0.0373815 0.488108 7.47451 0.0418716 0.536691 7.42144 1.02635 1.45739 5.51627 
0.0578595 0.475487 0.0255721 7.44108 0.0370227 0.486036 7.47694 0.0417216 0.539895 7.41838 1.0547 1.50524 5.44006 
0.0574129 0.498322 0.0287865 7.41548 0.0366672 0.48397 7.47936 0.0415725 0.543143 7.41528 1.08216 1.55218 5.36566 
0.0569693 0.521118 0.032004 7.38991 0.0363148 0.48191 7.48178 0.041424 0.546412 7.41216 1.1088 1.59822 5.29298 
0.0565291 0.543854 0.0352057 7.36441 0.0359658 0.479858 7.48418 0.0412761 0.549684 7.40904 1.13463 1.64342 5.22195 
0.0560923 0.566513 0.0383755 7.33902 0.0356202 0.477814 7.48657 0.0411286 0.552942 7.40593 1.1597 1.68781 5.15249 
0.0556593 0.589081 0.0414998 7.31376 0.0352781 0.475779 7.48894 0.0409816 0.556174 7.40284 1.18404 1.73141 5.08454 
0.05523 0.611544 0.0445673 7.28866 0.0349393 0.473755 7.49131 0.0408348 0.559366 7.3998 1.20768 1.77427 5.01805 
0.0548046 0.633893 0.0475684 7.26373 0.0346041 0.471741 7.49365 0.0406883 0.562509 7.3968 1.23066 1.8164 4.95295 
0.0543832 0.656118 0.0504951 7.239 0.0342724 0.469739 7.49599 0.040542 0.565595 7.39386 1.25299 1.85783 4.88918 
0.0539658 0.678212 0.0533409 7.21448 0.0339442 0.467748 7.49831 0.0403959 0.568616 7.39099 1.2747 1.89858 4.82671 
0.0535524 0.700168 0.0561004 7.19018 0.0336195 0.465769 7.50061 0.0402499 0.571565 7.38818 1.29582 1.93869 4.76549 
0.0531431 0.721983 0.0587693 7.1661 0.0332982 0.463802 7.5029 0.0401041 0.574439 7.38546 1.31636 1.97817 4.70547 
2206.79