Routes for this network:
0 1 2 3 
0 1 3 
0 2 1 3 
0 2 3 

1 0 2 3 
1 2 3 
1 3 

2 0 1 3 
2 1 3 
2 3 

1 0 2 
1 2 
1 3 2 

Maintenance StartTime
0 11
1 1
2 1
ArcFlowsAll_t,v,w
0 5.23955 4.76045 0 
0 0 10.3527 14.8868 
0 0 0 15.1132 
0 0 0 0 

0 10 0 0 
0 0 0 30 
0 0 0 11.0226 
0 0 11.0226 0 

0 10 0 0 
0 0 0 30 
0 0 0 11.0226 
0 0 11.0226 0 

0 10 0 0 
0 0 0 30 
0 0 0 11.0226 
0 0 11.0226 0 

0 10 0 0 
0 0 0 30 
0 0 0 11.0226 
0 0 11.0226 0 

0 10 0 0 
0 0 0 30 
0 0 0 11.0226 
0 0 11.0226 0 

0 10 0 0 
0 0 0 30 
0 0 0 11.0226 
0 0 11.0226 0 

0 10 0 0 
0 0 0 30 
0 0 0 11.0226 
0 0 11.0226 0 

0 10 0 0 
0 0 0 30 
0 0 0 11.0226 
0 0 11.0226 0 

0 10 0 0 
0 0 0 30 
0 0 0 11.0226 
0 0 11.0226 0 

0 10 0 0 
0 0 0 30 
0 0 0 11.0226 
0 0 11.0226 0 

0 0 10 0 
0 0 3.02841 18.0195 
0 1.04791 0 19.4812 
0 0 7.50074 0 

0 0 10 0 
0 0 3.10081 17.9603 
0 1.06115 0 19.4658 
0 0 7.42613 0 

0 0 10 0 
0 0 3.17162 17.9038 
0 1.07545 0 19.4492 
0 0 7.35307 0 

0 0 10 0 
0 0 3.24093 17.8498 
0 1.0907 0 19.4317 
0 0 7.28151 0 

0 0 10 0 
0 0 3.30881 17.798 
0 1.10677 0 19.4134 
0 0 7.21137 0 

0 0 10 0 
0 0 3.37532 17.7483 
0 1.12357 0 19.3943 
0 0 7.14258 0 

0 0 10 0 
0 0 3.44052 17.7005 
0 1.14101 0 19.3746 
0 0 7.0751 0 

0 0 10 0 
0 0 3.50448 17.6545 
0 1.15899 0 19.3543 
0 0 7.00885 0 

0 0 10 0 
0 0 3.56724 17.6102 
0 1.17745 0 19.3336 
0 0 6.9438 0 

0 0 10 0 
0 0 3.62884 17.5675 
0 1.19632 0 19.3124 
0 0 6.8799 0 

0 1.25588 8.86875 0 
0.0752191 0 3.75703 17.5896 
0.0494177 0.16597 0 19.1784 
0 0 6.76799 0 

0 1.28164 8.88789 0 
0.120268 0 3.81638 17.5251 
0.0492644 0.180065 0 19.1356 
0 0 6.66064 0 

0 1.30745 8.90538 0 
0.163717 0 3.87412 17.4639 
0.0491122 0.194327 0 19.0926 
0 0 6.55651 0 

0 1.33325 8.92137 0 
0.205663 0 3.93034 17.4059 
0.0489609 0.208656 0 19.0495 
0 0 6.45541 0 

0 1.35901 8.93599 0 
0.246197 0 3.98513 17.3507 
0.0488102 0.222969 0 19.0065 
0 0 6.35717 0 

0 1.38469 8.94936 0 
0.285398 0 4.03858 17.2979 
0.0486599 0.237197 0 18.9637 
0 0 6.26163 0 

0 1.41026 8.96159 0 
0.323339 0 4.09075 17.2475 
0.0485097 0.251285 0 18.9212 
0 0 6.16864 0 

0 1.4357 8.97275 0 
0.360086 0 4.14172 17.1991 
0.0483596 0.265185 0 18.879 
0 0 6.07807 0 

0 1.46098 8.98293 0 
0.395699 0 4.19154 17.1526 
0.0482094 0.278861 0 18.8372 
0 0 5.98981 0 

0 1.48609 8.99221 0 
0.430233 0 4.24026 17.1079 
0.0480591 0.292282 0 18.7959 
0 0 5.90374 0 

0 1.51101 9.00064 0 
0.463739 0 4.28794 17.0648 
0.0479085 0.305424 0 18.755 
0 0 5.81977 0 

0 1.53574 9.00828 0 
0.496265 0 4.33463 17.0231 
0.0477576 0.318268 0 18.7147 
0 0 5.7378 0 

0 1.56028 9.01518 0 
0.527854 0 4.38036 16.9829 
0.0476064 0.330799 0 18.6749 
0 0 5.65775 0 

0 1.5846 9.0214 0 
0.558546 0 4.42518 16.9439 
0.0474547 0.343005 0 18.6357 
0 0 5.57953 0 

0 1.60871 9.02697 0 
0.588378 0 4.46912 16.9061 
0.0473027 0.354878 0 18.597 
0 0 5.50308 0 

0 1.63261 9.03192 0 
0.617387 0 4.51222 16.8694 
0.0471502 0.366413 0 18.5589 
0 0 5.42832 0 

0 1.6563 9.0363 0 
0.645604 0 4.55451 16.8338 
0.0469973 0.377605 0 18.5214 
0 0 5.35519 0 

0 1.67976 9.04014 0 
0.673061 0 4.59601 16.7991 
0.0468439 0.388454 0 18.4845 
0 0 5.28362 0 

0 1.70301 9.04346 0 
0.699786 0 4.63676 16.7654 
0.04669 0.39896 0 18.4481 
0 0 5.21357 0 

0 1.72604 9.0463 0 
0.725806 0 4.67679 16.7326 
0.0465358 0.409122 0 18.4124 
0 0 5.14497 0 

0 1.74886 9.04867 0 
0.751148 0 4.71611 16.7005 
0.046381 0.418943 0 18.3772 
0 0 5.07778 0 

0 1.77146 9.0506 0 
0.775835 0 4.75475 16.6693 
0.0462259 0.428427 0 18.3426 
0 0 5.01194 0 

0 1.79385 9.05211 0 
0.799891 0 4.79274 16.6388 
0.0460703 0.437576 0 18.3086 
0 0 4.94742 0 

0 1.81602 9.05323 0 
0.823336 0 4.83009 16.609 
0.0459144 0.446395 0 18.2752 
0 0 4.88417 0 

0 1.83799 9.05396 0 
0.846192 0 4.86683 16.5799 
0.045758 0.454889 0 18.2423 
0 0 4.82215 0 

0 1.85976 9.05432 0 
0.868478 0 4.90296 16.5514 
0.0456013 0.463063 0 18.2099 
0 0 4.76132 0 

0 1.88132 9.05434 0 
0.890213 0 4.93852 16.5235 
0.0454442 0.470921 0 18.1781 
0 0 4.70164 0 

0 1.90268 9.05402 0 
0.911414 0 4.97352 16.4962 
0.0452868 0.478471 0 18.1469 
0 0 4.64308 0 

0 1.92384 9.05339 0 
0.932098 0 5.00797 16.4695 
0.045129 0.485717 0 18.1161 
0 0 4.5856 0 

0 1.94481 9.05244 0 
0.952282 0 5.04188 16.4433 
0.044971 0.492665 0 18.0859 
0 0 4.52918 0 

0 1.96559 9.0512 0 
0.97198 0 5.07529 16.4176 
0.0448127 0.499321 0 18.0561 
0 0 4.47378 0 

0 1.98618 9.04968 0 
0.991207 0 5.10819 16.3925 
0.0446541 0.505692 0 18.0269 
0 0 4.41938 0 

0 2.00658 9.04789 0 
1.00998 0 5.1406 16.3678 
0.0444953 0.511784 0 17.9981 
0 0 4.36594 0 

0 2.02681 9.04583 0 
1.0283 0 5.17253 16.3436 
0.0443363 0.517601 0 17.9699 
0 0 4.31344 0 

RecurrentPathTraffic_t,od,path
0 4.19164 0 3.80836 0 0.282174 7.71783 0 0 8 0 8 0 
0 8 0 0 0 0 8 0 0 8 0 0 8 
0 8 0 0 0 0 8 0 0 8 0 0 8 
0 8 0 0 0 0 8 0 0 8 0 0 8 
0 8 0 0 0 0 8 0 0 8 0 0 8 
0 8 0 0 0 0 8 0 0 8 0 0 8 
0 8 0 0 0 0 8 0 0 8 0 0 8 
0 8 0 0 0 0 8 0 0 8 0 0 8 
0 8 0 0 0 0 8 0 0 8 0 0 8 
0 8 0 0 0 0 8 0 0 8 0 0 8 
0 8 0 0 0 0 8 0 0 8 0 0 8 
0 0 0 8 0 0.458609 7.54139 0 0 8 0 0.499259 7.50074 
0 0 0.0066182 7.99338 0 0.456393 7.54361 0 0.0066182 7.99338 0 0.573874 7.42613 
0 0 0.0137703 7.98623 0 0.454156 7.54584 0 0.0137703 7.98623 0 0.646926 7.35307 
0 0 0.0213933 7.97861 0 0.451902 7.5481 0 0.0213933 7.97861 0 0.718488 7.28151 
0 0 0.0294303 7.97057 0 0.449636 7.55036 0 0.0294303 7.97057 0 0.788631 7.21137 
0 0 0.0378304 7.96217 0 0.447359 7.55264 0 0.0378304 7.96217 0 0.857417 7.14258 
0 0 0.0465475 7.95345 0 0.445076 7.55492 0 0.0465475 7.95345 0 0.924904 7.0751 
0 0 0.0555402 7.94446 0 0.442787 7.55721 0 0.0555402 7.94446 0 0.991147 7.00885 
0 0 0.0647709 7.93523 0 0.440497 7.5595 0 0.0647709 7.93523 0 1.0562 6.9438 
0 0 0.0742063 7.92579 0 0.438206 7.56179 0 0.0742063 7.92579 0 1.1201 6.8799 
0.0712771 0.0872771 0.0825233 7.75892 0.0260968 0.432322 7.54158 0.0494177 0.0834465 7.86714 0.0491223 1.18289 6.76799 
0.0706404 0.113825 0.0894595 7.72608 0.0258413 0.430262 7.5439 0.0492644 0.0906058 7.86013 0.0944268 1.24494 6.66064 
0.0700077 0.140418 0.0964576 7.69312 0.0255878 0.428205 7.54621 0.0491122 0.0978699 7.85302 0.138129 1.30536 6.55651 
0.0693799 0.167003 0.103467 7.66015 0.0253364 0.426154 7.54851 0.0489609 0.105189 7.84585 0.180327 1.36426 6.45541 
0.0687577 0.193537 0.110448 7.62726 0.0250873 0.424111 7.5508 0.0488102 0.112522 7.83867 0.22111 1.42172 6.35717 
0.0681414 0.219983 0.117364 7.59451 0.0248406 0.422078 7.55308 0.0486599 0.119833 7.83151 0.260558 1.47782 6.26163 
0.0675316 0.246311 0.12419 7.56197 0.0245963 0.420056 7.55535 0.0485097 0.127095 7.8244 0.298743 1.53262 6.16864 
0.0669286 0.272499 0.130902 7.52967 0.0243545 0.418047 7.5576 0.0483596 0.134283 7.81736 0.335731 1.5862 6.07807 
0.0663325 0.298524 0.137483 7.49766 0.0241152 0.416051 7.55983 0.0482094 0.141378 7.81041 0.371583 1.63861 5.98981 
0.0657435 0.324373 0.143918 7.46597 0.0238786 0.41407 7.56205 0.0480591 0.148365 7.80358 0.406354 1.68991 5.90374 
0.0651618 0.350031 0.150195 7.43461 0.0236445 0.412103 7.56425 0.0479085 0.155229 7.79686 0.440095 1.74014 5.81977 
0.0645873 0.375489 0.156307 7.40362 0.0234131 0.410152 7.56643 0.0477576 0.161962 7.79028 0.472852 1.78935 5.7378 
0.0640201 0.40074 0.162246 7.37299 0.0231843 0.408216 7.5686 0.0476064 0.168553 7.78384 0.504669 1.83758 5.65775 
0.0634603 0.425776 0.168008 7.34276 0.0229581 0.406297 7.57075 0.0474547 0.174997 7.77755 0.535588 1.88488 5.57953 
0.0629076 0.450595 0.173589 7.31291 0.0227345 0.404393 7.57287 0.0473027 0.181289 7.77141 0.565644 1.93128 5.50308 
0.0623622 0.475192 0.178988 7.28346 0.0225135 0.402505 7.57498 0.0471502 0.187424 7.76543 0.594873 1.97681 5.42832 
0.0618238 0.499566 0.184204 7.25441 0.0222951 0.400633 7.57707 0.0469973 0.193401 7.7596 0.623309 2.02151 5.35519 
0.0612925 0.523717 0.189237 7.22575 0.0220792 0.398777 7.57914 0.0468439 0.199218 7.75394 0.650982 2.0654 5.28362 
0.0607681 0.547643 0.194087 7.1975 0.0218659 0.396937 7.5812 0.04669 0.204873 7.74844 0.67792 2.10851 5.21357 
0.0602506 0.571346 0.198756 7.16965 0.021655 0.395113 7.58323 0.0465358 0.210366 7.7431 0.704151 2.15088 5.14497 
0.0597398 0.594827 0.203245 7.14219 0.0214466 0.393305 7.58525 0.046381 0.215698 7.73792 0.729702 2.19252 5.07778 
0.0592355 0.618087 0.207558 7.11512 0.0212407 0.391512 7.58725 0.0462259 0.220869 7.73291 0.754595 2.23346 5.01194 
0.0587378 0.641128 0.211696 7.08844 0.0210372 0.389734 7.58923 0.0460703 0.22588 7.72805 0.778854 2.27372 4.94742 
0.0582464 0.663953 0.215662 7.06214 0.020836 0.387972 7.59119 0.0459144 0.230733 7.72335 0.8025 2.31333 4.88417 
0.0577612 0.686564 0.21946 7.03621 0.0206373 0.386224 7.59314 0.045758 0.235429 7.71881 0.825555 2.3523 4.82215 
0.0572822 0.708963 0.223092 7.01066 0.0204408 0.384491 7.59507 0.0456013 0.23997 7.71443 0.848038 2.39065 4.76132 
0.0568091 0.731154 0.226563 6.98547 0.0202466 0.382773 7.59698 0.0454442 0.244359 7.7102 0.869967 2.4284 4.70164 
0.0563419 0.753139 0.229874 6.96065 0.0200547 0.381069 7.59888 0.0452868 0.248597 7.70612 0.891359 2.46556 4.64308 
0.0558805 0.774921 0.23303 6.93617 0.019865 0.379379 7.60076 0.045129 0.252686 7.70218 0.912233 2.50216 4.5856 
0.0554247 0.796504 0.236035 6.91204 0.0196775 0.377703 7.60262 0.044971 0.25663 7.6984 0.932604 2.53821 4.52918 
0.0549744 0.817891 0.238891 6.88824 0.0194922 0.37604 7.60447 0.0448127 0.26043 7.69476 0.952488 2.57373 4.47378 
0.0545295 0.839085 0.241603 6.86478 0.019309 0.374391 7.6063 0.0446541 0.264089 7.69126 0.971898 2.60872 4.41938 
0.0540899 0.860088 0.244173 6.84165 0.0191279 0.372755 7.60812 0.0444953 0.26761 7.68789 0.99085 2.64321 4.36594 
0.0536555 0.880905 0.246606 6.81883 0.0189489 0.371131 7.60992 0.0443363 0.270995 7.68467 1.00936 2.6772 4.31344 
2155.16