Routes for this network:
0 1 2 5 4 3 6 7 8 
0 1 2 5 4 7 8 
0 1 2 5 8 
0 1 4 3 6 7 8 
0 1 4 5 8 
0 1 4 7 8 
0 3 4 1 2 5 8 
0 3 4 5 8 
0 3 4 7 8 
0 3 6 7 4 1 2 5 8 
0 3 6 7 4 5 8 
0 3 6 7 8 

1 0 3 4 5 8 7 
1 0 3 4 7 
1 0 3 6 7 
1 2 5 4 3 6 7 
1 2 5 4 7 
1 2 5 8 7 
1 4 3 6 7 
1 4 5 8 7 
1 4 7 

2 1 0 3 4 5 8 7 6 
2 1 0 3 4 7 6 
2 1 0 3 6 
2 1 4 3 6 
2 1 4 5 8 7 6 
2 1 4 7 6 
2 5 4 1 0 3 6 
2 5 4 3 6 
2 5 4 7 6 
2 5 8 7 4 1 0 3 6 
2 5 8 7 4 3 6 
2 5 8 7 6 

Maintenance StartTime
0 1
1 9
2 8
ArcFlowsAll_t,v,w
0 4.99969 0 10 0 0 0 0 0 
4.99969 0 4.99969 0 10 0 0 0 0 
0 4.99969 0 0 0 10 0 0 0 
0 0 0 0 5.00031 0 10 0 0 
0 0 0 5.00031 0 5.00031 0 10 0 
0 0 0 0 5.00031 0 0 0 10 
0 0 0 0 0 0 0 0 0 
0 0 0 0 0 0 0 0 0 
0 0 0 0 0 0 0 0 0 

0 4.99915 0 20 0 0 0 0 0 
14.9991 0 4.99915 0 0 0 0 0 0 
0 4.99915 0 0 0 10 0 0 0 
0 0 0 0 7.00012 0 17.9996 0 0 
0 0 0 4.99976 0 4.99976 0 2.00073 0 
0 0 0 0 5.00012 0 0 0 9.99963 
0 0 0 0 0 0 0 8.00073 0 
0 0 0 0 0 0 0.00109854 0 0.00109854 
0 0 0 0 0 0 0 0.000732422 0 

0 5.07485 0 19.2092 0 0 0 0 0 
14.2841 0 5.51523 0 0 0 0 0 0 
0 4.72447 0 0 0 10.7908 0 0 0 
0 0 0 0 7.02526 0 17.3075 0 0 
0 0 0 5.12351 0 4.94526 0 2.41273 0 
0 0 0 0 5.4164 0 0 0 10.3196 
0 0 0 0 0 0 0 7.558 0 
0 0 0 0 0.0398362 0 0.25052 0 0.0353887 
0 0 0 0 0 0 0 0.355019 0 

0 5.13347 0 18.609 0 0 0 0 0 
13.7425 0 5.90885 0 0 0 0 0 0 
0 4.51784 0 0 0 11.391 0 0 0 
0 0 0 0 7.03509 0 16.7749 0 0 
0 0 0 5.20104 0 4.89535 0 2.73348 0 
0 0 0 0 5.7293 0 0 0 10.5571 
0 0 0 0 0 0 0 7.21988 0 
0 0 0 0 0.0654924 0 0.444935 0 0.0616026 
0 0 0 0 0 0 0 0.618667 0 

0 5.18021 0 18.1336 0 0 0 0 0 
13.3138 0 6.22153 0 0 0 0 0 0 
0 4.35517 0 0 0 11.8664 0 0 0 
0 0 0 0 7.037 0 16.3461 0 0 
0 0 0 5.24951 0 4.84975 0 2.99475 0 
0 0 0 0 5.97481 0 0 0 10.7413 
0 0 0 0 0 0 0 6.94956 0 
0 0 0 0 0.082192 0 0.60342 0 0.0822347 
0 0 0 0 0 0 0 0.823544 0 

0 5.21811 0 17.7465 0 0 0 0 0 
12.9646 0 6.47661 0 0 0 0 0 0 
0 4.22314 0 0 0 12.2535 0 0 0 
0 0 0 0 7.03469 0 15.99 0 0 
0 0 0 5.27821 0 4.80801 0 3.21417 0 
0 0 0 0 6.17291 0 0 0 10.8886 
0 0 0 0 0 0 0 6.72662 0 
0 0 0 0 0.0927947 0 0.73658 0 0.0987424 
0 0 0 0 0 0 0 0.987321 0 

0 5.24914 0 17.425 0 0 0 0 0 
12.6741 0 6.68861 0 0 0 0 0 0 
0 4.1136 0 0 0 12.575 0 0 0 
0 0 0 0 7.03211 0 15.6856 0 0 
0 0 0 5.29278 0 4.77171 0 3.4026 0 
0 0 0 0 6.33593 0 0 0 11.0108 
0 0 0 0 0 0 0 6.53659 0 
0 0 0 0 0.0990368 0 0.850943 0 0.112066 
0 0 0 0 0 0 0 1.12286 0 

0 5.27469 0 17.154 0 0 0 0 0 
12.4287 0 6.86723 0 0 0 0 0 0 
0 4.02122 0 0 0 12.846 0 0 0 
0 0 0 0 7.03081 0 15.4201 0 0 
0 0 0 5.29691 0 4.74088 0 3.56711 0 
0 0 0 0 6.47204 0 0 0 11.1149 
0 0 0 0 0 0 0 6.37086 0 
0 0 0 0 0.102048 0 0.950776 0 0.12286 
0 0 0 0 0 0 0 1.23771 0 

0 8.99935 0 10.9483 0 0 0 0 0 
9.9477 0 12.9849 0 0 0 0 0 0 
0 3.93322 0 0 0 19.0517 0 0 0 
0 0 0 0 0 0 11.9484 0 0 
0 0 0 1.00006 0 1.00006 0 7.9728 0 
0 0 0 0 8.97286 0 0 0 11.0789 
0 0 0 0 0 0 0 7.01513 0 
0 0 0 0 1.00006 0 5.06672 0 0.100388 
0 0 0 0 0 0 0 1.17924 0 

0 8.81587 0 17.015 0 0 0 0 0 
15.8309 0 11.5212 0 0 0 0 0 0 
0 8.53622 0 0 0 12.985 0 0 0 
0 0 0 0 0 0 20.0151 0 0 
0 0 0 3.00006 0 1.00006 0 0 0 
0 0 0 0 3.00006 0 0 0 10.985 
0 0 0 0 0 0 0 10.4788 0 
0 0 0 0 1.00006 0 0.463718 0 0.184066 
0 0 0 0 0 0 0 1.16904 0 

0 8.81843 0 16.7256 0 0 0 0 0 
15.544 0 11.6619 0 0 0 0 0 0 
0 8.3875 0 0 0 13.2744 0 0 0 
0 0 0 0 0 0 19.7257 0 0 
0 0 0 3.00006 0 1.00006 0 0 0 
0 0 0 0 3.00006 0 0 0 11.2744 
0 0 0 0 0 0 0 10.3381 0 
0 0 0 0 1.00006 0 0.612435 0 0.181509 
0 0 0 0 0 0 0 1.45589 0 

0 9.82395 0 16.1787 0 0 0 0 0 
15.0026 0 9.74152 0 3.33436 0 0 0 0 
0 8.12554 0 0 0 11.616 0 0 0 
1.00006 0 0 0 0 0 18.1787 0 0 
0 0.128979 0 3.00006 0 1.33436 0 0 0 
0 0 0 0 1.12904 0 0 0 11.8213 
0 0 0 0 0 0 0 9.0531 0 
0 0 0 0 0 0 0.874398 0 0.176053 
0 0 0 0 0 0 0 1.99735 0 

0 9.82761 0 15.7882 0 0 0 0 0 
14.6157 0 9.8207 0 3.54289 0 0 0 0 
0 8.02798 0 0 0 11.7927 0 0 0 
1.00006 0 0 0 0 0 17.7882 0 0 
0 0.123741 0 3.00006 0 1.54289 0 0 0 
0 0 0 0 1.1238 0 0 0 12.2118 
0 0 0 0 0 0 0 8.84607 0 
0 0 0 0 0 0 1.05788 0 0.172392 
0 0 0 0 0 0 0 2.3842 0 

0 9.8307 0 15.4573 0 0 0 0 0 
14.2879 0 9.88339 0 3.72321 0 0 0 0 
0 7.94471 0 0 0 11.9387 0 0 0 
1.00006 0 0 0 0 0 17.4573 0 0 
0 0.119113 0 3.00006 0 1.72321 0 0 0 
0 0 0 0 1.11917 0 0 0 12.5427 
0 0 0 0 0 0 0 8.66961 0 
0 0 0 0 0 0 1.21232 0 0.169301 
0 0 0 0 0 0 0 2.71201 0 

0 9.83334 0 15.173 0 0 0 0 0 
14.0063 0 9.93313 0 3.88156 0 0 0 0 
0 7.87264 0 0 0 12.0605 0 0 0 
1.00006 0 0 0 0 0 17.173 0 0 
0 0.114966 0 3.00006 0 1.88156 0 0 0 
0 0 0 0 1.11503 0 0 0 12.827 
0 0 0 0 0 0 0 8.51704 0 
0 0 0 0 0 0 1.34407 0 0.16666 
0 0 0 0 0 0 0 2.99369 0 

0 9.83562 0 14.926 0 0 0 0 0 
13.7615 0 9.97248 0 4.02237 0 0 0 0 
0 7.80956 0 0 0 12.1629 0 0 0 
1.00006 0 0 0 0 0 16.926 0 0 
0 0.111209 0 3.00006 0 2.02237 0 0 0 
0 0 0 0 1.11127 0 0 0 13.074 
0 0 0 0 0 0 0 8.3836 0 
0 0 0 0 0 0 1.45762 0 0.164384 
0 0 0 0 0 0 0 3.2384 0 

0 9.83759 0 14.7095 0 0 0 0 0 
13.547 0 10.0033 0 4.14886 0 0 0 0 
0 7.75385 0 0 0 12.2495 0 0 0 
1.00006 0 0 0 0 0 16.7095 0 0 
0 0.107773 0 3.00006 0 2.14886 0 0 0 
0 0 0 0 1.10783 0 0 0 13.2905 
0 0 0 0 0 0 0 8.26578 0 
0 0 0 0 0 0 1.55628 0 0.162408 
0 0 0 0 0 0 0 3.45291 0 

0 9.83932 0 14.5184 0 0 0 0 0 
13.3576 0 10.0271 0 4.26346 0 0 0 0 
0 7.70426 0 0 0 12.3229 0 0 0 
1.00006 0 0 0 0 0 16.5184 0 0 
0 0.104609 0 3.00006 0 2.26346 0 0 0 
0 0 0 0 1.10467 0 0 0 13.4816 
0 0 0 0 0 0 0 8.16093 0 
0 0 0 0 0 0 1.64257 0 0.160684 
0 0 0 0 0 0 0 3.64233 0 

0 8.78692 0 14.1464 0 0 0 0 0 
12.9333 0 10.0281 0 3.52908 0 0 0 0 
0 7.59375 0 0 0 12.4344 0 0 0 
0 0 0 0 1.12401 0 16.3175 0 0 
0 0.109868 0 3.29516 0 2.47121 0 0 0 
0 0 0 0 1.22316 0 0 0 13.6825 
0 0 0 0 0 0 0 8.04163 0 
0 0 0 0 0 0 1.72408 0 0.168713 
0 0 0 0 0 0 0 3.85117 0 

0 8.73716 0 13.6745 0 0 0 0 0 
12.4117 0 9.98483 0 3.8792 0 0 0 0 
0 7.42459 0 0 0 12.5602 0 0 0 
0 0 0 0 1.27475 0 13.8115 0 0 
0 0.113968 0 1.4117 0 2.55023 0 2.53473 0 
0 0 0 0 1.38658 0 0 0 13.7239 
0 0 0 0 0 0 0 5.7633 0 
0 0 0 0 0.0700909 0 1.95182 0 0.26286 
0 0 0 0 0 0 0 3.98674 0 

0 8.71158 0 13.4204 0 0 0 0 0 
12.132 0 9.91245 0 4.14303 0 0 0 0 
0 7.37043 0 0 0 12.542 0 0 0 
0 0 0 0 1.31133 0 13.5907 0 0 
0 0.105444 0 1.48163 0 2.5836 0 2.8123 0 
0 0 0 0 1.46326 0 0 0 13.6624 
0 0 0 0 0 0 0 5.63126 0 
0 0 0 0 0.0653529 0 2.04057 0 0.32699 
0 0 0 0 0 0 0 3.98936 0 

0 8.68225 0 13.204 0 0 0 0 0 
11.8863 0 9.83192 0 4.38658 0 0 0 0 
0 7.32459 0 0 0 12.5073 0 0 0 
0 0 0 0 1.34868 0 13.3997 0 0 
0 0.0979332 0 1.54436 0 2.61238 0 3.07257 0 
0 0 0 0 1.5309 0 0 0 13.5888 
0 0 0 0 0 0 0 5.51626 0 
0 0 0 0 0.0610828 0 2.11655 0 0.392649 
0 0 0 0 0 0 0 3.98145 0 

0 8.6507 0 13.0151 0 0 0 0 0 
11.6658 0 9.74673 0 4.61445 0 0 0 0 
0 7.28504 0 0 0 12.4617 0 0 0 
0 0 0 0 1.3861 0 13.2304 0 0 
0 0.0912521 0 1.60137 0 2.63861 0 3.31802 0 
0 0 0 0 1.59148 0 0 0 13.5088 
0 0 0 0 0 0 0 5.4143 0 
0 0 0 0 0.0572173 0 2.18391 0 0.458558 
0 0 0 0 0 0 0 3.96737 0 

0 8.61792 0 12.8478 0 0 0 0 0 
11.4657 0 9.65916 0 4.82872 0 0 0 0 
0 7.25039 0 0 0 12.4088 0 0 0 
0 0 0 0 1.42313 0 13.0783 0 0 
0 0.0852648 0 1.6536 0 2.66257 0 3.55045 0 
0 0 0 0 1.64633 0 0 0 13.425 
0 0 0 0 0 0 0 5.32261 0 
0 0 0 0 0.0537042 0 2.24435 0 0.523924 
0 0 0 0 0 0 0 3.94893 0 

0 8.58461 0 12.6977 0 0 0 0 0 
11.2824 0 9.57074 0 5.03099 0 0 0 0 
0 7.21961 0 0 0 12.3511 0 0 0 
0 0 0 0 1.45948 0 12.94 0 0 
0 0.0798658 0 1.70178 0 2.68448 0 3.77127 0 
0 0 0 0 1.69642 0 0 0 13.3392 
0 0 0 0 0 0 0 5.23917 0 
0 0 0 0 0.0504998 0 2.29913 0 0.58823 
0 0 0 0 0 0 0 3.92742 0 

0 8.55123 0 12.5619 0 0 0 0 0 
11.1131 0 9.48255 0 5.22255 0 0 0 0 
0 7.19197 0 0 0 12.2906 0 0 0 
0 0 0 0 1.49497 0 12.8133 0 0 
0 0.0749714 0 1.74643 0 2.70455 0 3.98164 0 
0 0 0 0 1.74251 0 0 0 13.2526 
0 0 0 0 0 0 0 5.1625 0 
0 0 0 0 0.0475675 0 2.34919 0 0.651144 
0 0 0 0 0 0 0 3.90376 0 

0 8.51811 0 12.4377 0 0 0 0 0 
10.9558 0 9.3953 0 5.40444 0 0 0 0 
0 7.1669 0 0 0 12.2284 0 0 0 
0 0 0 0 1.52948 0 12.6962 0 0 
0 0.0705142 0 1.78801 0 2.72294 0 4.18251 0 
0 0 0 0 1.78517 0 0 0 13.1662 
0 0 0 0 0 0 0 5.09146 0 
0 0 0 0 0.0448761 0 2.39526 0 0.712456 
0 0 0 0 0 0 0 3.87862 0 

0 8.48546 0 12.3234 0 0 0 0 0 
10.8088 0 9.30949 0 5.57754 0 0 0 0 
0 7.14396 0 0 0 12.1655 0 0 0 
0 0 0 0 1.56294 0 12.5873 0 0 
0 0.0664384 0 1.82685 0 2.73979 0 4.37467 0 
0 0 0 0 1.82487 0 0 0 13.0804 
0 0 0 0 0 0 0 5.02519 0 
0 0 0 0 0.0423989 0 2.43791 0 0.772047 
0 0 0 0 0 0 0 3.85249 0 

0 8.45344 0 12.2175 0 0 0 0 0 
10.6709 0 9.22544 0 5.74261 0 0 0 0 
0 7.12281 0 0 0 12.1026 0 0 0 
0 0 0 0 1.59532 0 12.4854 0 0 
0 0.0626983 0 1.86325 0 2.75524 0 4.55882 0 
0 0 0 0 1.86197 0 0 0 12.9959 
0 0 0 0 0 0 0 4.963 0 
0 0 0 0 0.0401128 0 2.4776 0 0.829855 
0 0 0 0 0 0 0 3.82575 0 

0 8.42214 0 12.1188 0 0 0 0 0 
10.541 0 9.14337 0 5.90027 0 0 0 0 
0 7.10318 0 0 0 12.0402 0 0 0 
0 0 0 0 1.62662 0 12.3896 0 0 
0 0.059255 0 1.89745 0 2.7694 0 4.73556 0 
0 0 0 0 1.89677 0 0 0 12.9128 
0 0 0 0 0 0 0 4.90434 0 
0 0 0 0 0.037998 0 2.5147 0 0.885859 
0 0 0 0 0 0 0 3.79867 0 

0 8.39162 0 12.0265 0 0 0 0 0 
10.4181 0 9.0634 0 6.05108 0 0 0 0 
0 7.08487 0 0 0 11.9785 0 0 0 
0 0 0 0 1.65684 0 12.2993 0 0 
0 0.0560757 0 1.92964 0 2.78237 0 4.9054 0 
0 0 0 0 1.92952 0 0 0 12.8314 
0 0 0 0 0 0 0 4.84878 0 
0 0 0 0 0.0360372 0 2.54952 0 0.940069 
0 0 0 0 0 0 0 3.77145 0 

0 8.36191 0 11.9397 0 0 0 0 0 
10.3016 0 8.98559 0 6.19555 0 0 0 0 
0 7.06768 0 0 0 11.9179 0 0 0 
0 0 0 0 1.68601 0 12.2137 0 0 
0 0.0531326 0 1.96001 0 2.79425 0 5.06881 0 
0 0 0 0 1.96042 0 0 0 12.7517 
0 0 0 0 0 0 0 4.79596 0 
0 0 0 0 0.0342154 0 2.58229 0 0.99251 
0 0 0 0 0 0 0 3.74425 0 

0 8.33302 0 11.8578 0 0 0 0 0 
10.1908 0 8.90999 0 6.33409 0 0 0 0 
0 7.05149 0 0 0 11.8585 0 0 0 
0 0 0 0 1.71416 0 12.1324 0 0 
0 0.0504014 0 1.98871 0 2.80512 0 5.2262 0 
0 0 0 0 1.98965 0 0 0 12.674 
0 0 0 0 0 0 0 4.7456 0 
0 0 0 0 0.0325194 0 2.61324 0 1.04322 
0 0 0 0 0 0 0 3.71718 0 

0 8.30496 0 11.7804 0 0 0 0 0 
10.0853 0 8.83657 0 6.46711 0 0 0 0 
0 7.03617 0 0 0 11.8004 0 0 0 
0 0 0 0 1.7413 0 12.0549 0 0 
0 0.0478614 0 2.01586 0 2.81506 0 5.37793 0 
0 0 0 0 2.01737 0 0 0 12.5981 
0 0 0 0 0 0 0 4.69745 0 
0 0 0 0 0.0309374 0 2.64253 0 1.09226 
0 0 0 0 0 0 0 3.69034 0 

0 8.27771 0 11.7069 0 0 0 0 0 
9.98458 0 8.76532 0 6.59493 0 0 0 0 
0 7.02162 0 0 0 11.7437 0 0 0 
0 0 0 0 1.76749 0 11.981 0 0 
0 0.0454943 0 2.04159 0 2.82414 0 5.52435 0 
0 0 0 0 2.0437 0 0 0 12.5241 
0 0 0 0 0 0 0 4.65129 0 
0 0 0 0 0.0294593 0 2.67032 0 1.13966 
0 0 0 0 0 0 0 3.66379 0 

0 8.25126 0 11.637 0 0 0 0 0 
9.88824 0 8.69619 0 6.71788 0 0 0 0 
0 7.00777 0 0 0 11.6884 0 0 0 
0 0 0 0 1.79275 0 11.9102 0 0 
0 0.0432842 0 2.06599 0 2.83242 0 5.66576 0 
0 0 0 0 2.06874 0 0 0 12.4521 
0 0 0 0 0 0 0 4.60696 0 
0 0 0 0 0.0280759 0 2.69674 0 1.18549 
0 0 0 0 0 0 0 3.63759 0 

0 8.22558 0 11.5703 0 0 0 0 0 
9.79593 0 8.62916 0 6.83625 0 0 0 0 
0 6.99453 0 0 0 11.6346 0 0 0 
0 0 0 0 1.81712 0 11.8424 0 0 
0 0.0412172 0 2.08917 0 2.83995 0 5.80241 0 
0 0 0 0 2.09261 0 0 0 12.382 
0 0 0 0 0 0 0 4.56429 0 
0 0 0 0 0.0267792 0 2.7219 0 1.22981 
0 0 0 0 0 0 0 3.61179 0 

0 8.20066 0 11.5067 0 0 0 0 0 
9.70734 0 8.56419 0 6.95027 0 0 0 0 
0 6.98186 0 0 0 11.5823 0 0 0 
0 0 0 0 1.84063 0 11.7772 0 0 
0 0.0392807 0 2.11119 0 2.84681 0 5.93458 0 
0 0 0 0 2.11538 0 0 0 12.3138 
0 0 0 0 0 0 0 4.52313 0 
0 0 0 0 0.025562 0 2.7459 0 1.27267 
0 0 0 0 0 0 0 3.58643 0 

0 8.17647 0 11.4458 0 0 0 0 0 
9.62223 0 8.5012 0 7.0602 0 0 0 0 
0 6.9697 0 0 0 11.5315 0 0 0 
0 0 0 0 1.86333 0 11.7146 0 0 
0 0.0374638 0 2.13213 0 2.85302 0 6.06247 0 
0 0 0 0 2.13713 0 0 0 12.2474 
0 0 0 0 0 0 0 4.48338 0 
0 0 0 0 0.0244178 0 2.76882 0 1.31413 
0 0 0 0 0 0 0 3.56152 0 

0 8.15298 0 11.3874 0 0 0 0 0 
9.54036 0 8.44013 0 7.16625 0 0 0 0 
0 6.958 0 0 0 11.4821 0 0 0 
0 0 0 0 1.88525 0 11.6542 0 0 
0 0.0357567 0 2.15207 0 2.85863 0 6.18631 0 
0 0 0 0 2.15794 0 0 0 12.1828 
0 0 0 0 0 0 0 4.44495 0 
0 0 0 0 0.0233408 0 2.79074 0 1.35425 
0 0 0 0 0 0 0 3.53707 0 

0 8.13017 0 11.3314 0 0 0 0 0 
9.46154 0 8.3809 0 7.26861 0 0 0 0 
0 6.94673 0 0 0 11.4342 0 0 0 
0 0 0 0 1.90641 0 11.596 0 0 
0 0.0341507 0 2.17106 0 2.86369 0 6.30629 0 
0 0 0 0 2.17785 0 0 0 12.12 
0 0 0 0 0 0 0 4.40775 0 
0 0 0 0 0.0223258 0 2.81173 0 1.39307 
0 0 0 0 0 0 0 3.51308 0 

0 8.108 0 11.2776 0 0 0 0 0 
9.38558 0 8.32345 0 7.36747 0 0 0 0 
0 6.93585 0 0 0 11.3876 0 0 0 
0 0 0 0 1.92685 0 11.5399 0 0 
0 0.0326378 0 2.18916 0 2.86823 0 6.42258 0 
0 0 0 0 2.19692 0 0 0 12.0589 
0 0 0 0 0 0 0 4.37173 0 
0 0 0 0 0.0213681 0 2.83185 0 1.43064 
0 0 0 0 0 0 0 3.48955 0 

0 8.08646 0 11.2259 0 0 0 0 0 
9.31231 0 8.26771 0 7.46299 0 0 0 0 
0 6.92534 0 0 0 11.3424 0 0 0 
0 0 0 0 1.94661 0 11.4857 0 0 
0 0.031211 0 2.20642 0 2.87229 0 6.53535 0 
0 0 0 0 2.21521 0 0 0 11.9994 
0 0 0 0 0 0 0 4.3368 0 
0 0 0 0 0.0204636 0 2.85114 0 1.46703 
0 0 0 0 0 0 0 3.46647 0 

0 8.06551 0 11.1761 0 0 0 0 0 
9.24159 0 8.21362 0 7.55534 0 0 0 0 
0 6.91517 0 0 0 11.2984 0 0 0 
0 0 0 0 1.96571 0 11.4333 0 0 
0 0.029864 0 2.22289 0 2.8759 0 6.64476 0 
0 0 0 0 2.23275 0 0 0 11.9416 
0 0 0 0 0 0 0 4.30292 0 
0 0 0 0 0.0196083 0 2.86966 0 1.50226 
0 0 0 0 0 0 0 3.44385 0 

0 8.04513 0 11.1281 0 0 0 0 0 
9.17327 0 8.16111 0 7.64465 0 0 0 0 
0 6.90531 0 0 0 11.2558 0 0 0 
0 0 0 0 1.98417 0 11.3826 0 0 
0 0.0285908 0 2.23861 0 2.87908 0 6.75094 0 
0 0 0 0 2.2496 0 0 0 11.8853 
0 0 0 0 0 0 0 4.27003 0 
0 0 0 0 0.0187988 0 2.88746 0 1.5364 
0 0 0 0 0 0 0 3.42169 0 

0 8.02531 0 11.0819 0 0 0 0 0 
9.10724 0 8.11013 0 7.73106 0 0 0 0 
0 6.89574 0 0 0 11.2144 0 0 0 
0 0 0 0 2.00203 0 11.3335 0 0 
0 0.0273863 0 2.25361 0 2.88187 0 6.85404 0 
0 0 0 0 2.26578 0 0 0 11.8305 
0 0 0 0 0 0 0 4.23808 0 
0 0 0 0 0.0180319 0 2.90457 0 1.56947 
0 0 0 0 0 0 0 3.39996 0 

0 8.00601 0 11.0374 0 0 0 0 0 
9.04336 0 8.06062 0 7.8147 0 0 0 0 
0 6.88644 0 0 0 11.1742 0 0 0 
0 0 0 0 2.01931 0 11.286 0 0 
0 0.0262457 0 2.26795 0 2.88429 0 6.95417 0 
0 0 0 0 2.28133 0 0 0 11.7771 
0 0 0 0 0 0 0 4.20702 0 
0 0 0 0 0.0173047 0 2.92103 0 1.60152 
0 0 0 0 0 0 0 3.37867 0 

0 7.98721 0 10.9943 0 0 0 0 0 
8.98155 0 8.01253 0 7.89569 0 0 0 0 
0 6.8774 0 0 0 11.1351 0 0 0 
0 0 0 0 2.03603 0 11.2399 0 0 
0 0.0251647 0 2.28164 0 2.88637 0 7.05145 0 
0 0 0 0 2.29629 0 0 0 11.7252 
0 0 0 0 0 0 0 4.17681 0 
0 0 0 0 0.0166145 0 2.93687 0 1.63259 
0 0 0 0 0 0 0 3.35781 0 

0 7.9689 0 10.9528 0 0 0 0 0 
8.92169 0 7.96581 0 7.97414 0 0 0 0 
0 6.86859 0 0 0 11.0972 0 0 0 
0 0 0 0 2.05222 0 11.1953 0 0 
0 0.0241392 0 2.29474 0 2.88812 0 7.146 0 
0 0 0 0 2.31067 0 0 0 11.6747 
0 0 0 0 0 0 0 4.14743 0 
0 0 0 0 0.015959 0 2.95212 0 1.66272 
0 0 0 0 0 0 0 3.33737 0 

0 7.95106 0 10.9126 0 0 0 0 0 
8.8637 0 7.92039 0 8.05015 0 0 0 0 
0 6.86002 0 0 0 11.0604 0 0 0 
0 0 0 0 2.06789 0 11.152 0 0 
0 0.0231657 0 2.30725 0 2.88956 0 7.23791 0 
0 0 0 0 2.32452 0 0 0 11.6254 
0 0 0 0 0 0 0 4.11882 0 
0 0 0 0 0.0153358 0 2.96682 0 1.69193 
0 0 0 0 0 0 0 3.31735 0 

0 7.93366 0 10.8738 0 0 0 0 0 
8.80749 0 7.87624 0 8.12382 0 0 0 0 
0 6.85165 0 0 0 11.0246 0 0 0 
0 0 0 0 2.08307 0 11.11 0 0 
0 0.0222407 0 2.31922 0 2.89073 0 7.32729 0 
0 0 0 0 2.33785 0 0 0 11.5775 
0 0 0 0 0 0 0 4.09097 0 
0 0 0 0 0.0147431 0 2.98098 0 1.72027 
0 0 0 0 0 0 0 3.29774 0 

0 7.91668 0 10.8363 0 0 0 0 0 
8.75298 0 7.83332 0 8.19523 0 0 0 0 
0 6.84349 0 0 0 10.9898 0 0 0 
0 0 0 0 2.09777 0 11.0692 0 0 
0 0.0213612 0 2.33067 0 2.89162 0 7.41423 0 
0 0 0 0 2.35069 0 0 0 11.5308 
0 0 0 0 0 0 0 4.06383 0 
0 0 0 0 0.0141788 0 2.99464 0 1.74776 
0 0 0 0 0 0 0 3.27852 0 

0 7.90012 0 10.8 0 0 0 0 0 
8.70009 0 7.79157 0 8.26449 0 0 0 0 
0 6.83551 0 0 0 10.9561 0 0 0 
0 0 0 0 2.11202 0 11.0296 0 0 
0 0.0205245 0 2.34161 0 2.89227 0 7.49881 0 
0 0 0 0 2.36306 0 0 0 11.4853 
0 0 0 0 0 0 0 4.03738 0 
0 0 0 0 0.0136412 0 3.00781 0 1.77443 
0 0 0 0 0 0 0 3.2597 0 

0 7.88395 0 10.7648 0 0 0 0 0 
8.64877 0 7.75096 0 8.33167 0 0 0 0 
0 6.82771 0 0 0 10.9232 0 0 0 
0 0 0 0 2.12583 0 10.9911 0 0 
0 0.0197278 0 2.35209 0 2.89268 0 7.58111 0 
0 0 0 0 2.37498 0 0 0 11.4409 
0 0 0 0 0 0 0 4.0116 0 
0 0 0 0 0.0131288 0 3.02052 0 1.80032 
0 0 0 0 0 0 0 3.24126 0 

0 7.86815 0 10.7308 0 0 0 0 0 
8.59893 0 7.71144 0 8.39684 0 0 0 0 
0 6.82009 0 0 0 10.8914 0 0 0 
0 0 0 0 2.13921 0 10.9537 0 0 
0 0.0189688 0 2.36211 0 2.89287 0 7.66121 0 
0 0 0 0 2.38647 0 0 0 11.3977 
0 0 0 0 0 0 0 3.98646 0 
0 0 0 0 0.0126401 0 3.03278 0 1.82544 
0 0 0 0 0 0 0 3.22319 0 

RecurrentPathTraffic_t,od,path
0 0 3.99976 0 0 0 0 4.00024 0 0 0 0 0 0 0 0 0 0 0 0 8 0 0 3.99976 0 0 0 0 4.00024 0 0 0 0 
0 0 3.99921 0 0 0 0 3.99969 0.000366122 0 0 0.000732422 0 0 8 0 0 0 0 0 0 0 0 3.99921 0 0 0 0 3.99969 0.000366122 0 0 0.000732422 
2.05319e-06 0.0312184 4.04369 0 0 0 0 3.92092 0.00347288 0 0 0.000695335 0.0242737 0.0624889 7.47285 0.0844486 0.180711 0.175228 0 0 0 0 0.0140412 3.71049 0 0 0 0 3.99916 0.120798 0 0.0398362 0.115681 
2.50078e-06 0.0540817 4.07945 0 0 0 0 3.85895 0.00685063 0 0 0.000667807 0.0363415 0.110615 7.07767 0.141544 0.322716 0.311116 0 0 0 0 0.0222682 3.49563 0 0 0 0 3.99394 0.216951 0 0.0654924 0.205717 
2.41045e-06 0.0711442 4.10912 0 0 0 0 3.80864 0.010442 0 0 0.000646101 0.0410479 0.14978 6.76785 0.18106 0.439234 0.421029 0 0 0 0 0.0270312 3.3282 0 0 0 0 3.98619 0.297114 0 0.082192 0.279275 
2.32132e-06 0.0839039 4.13426 0 0 0 0 3.767 0.014208 0 0 0.000628173 0.0409581 0.182915 6.51762 0.208369 0.537664 0.512469 0 0 0 0 0.0295525 3.19365 0 0 0 0 3.97698 0.365928 0 0.0927947 0.341099 
2.23382e-06 0.0933297 4.15587 0 0 0 0 3.73206 0.0181208 0 0 0.000613082 0.0395847 0.211747 6.3092 0.226781 0.622593 0.590098 0 0 0 0 0.0305375 3.08312 0 0 0 0 3.9669 0.426268 0 0.0990368 0.394138 
2.14825e-06 0.100095 4.17465 0 0 0 0 3.70249 0.0221627 0 0 0.000600203 0.0383276 0.237356 6.13177 0.238488 0.697055 0.657 0 0 0 0 0.0304157 2.99086 0 0 0 0 3.95632 0.480025 0 0.102048 0.440335 
0 0.099795 7.89961 0 0 0 0 0 0 0 0 0.000593288 0 0 6.01448 0 1.27352 0.712009 0 0 0 0 0 2.93328 0 0 0 0 0 4.59949 0 0 0.467232 
0 0 7.81593 0 0 0 0 0 0 0 0 0.184066 0 0 7.29468 0 0 0.70532 0 0 0 0 0 7.53628 0 0 0 0 0 0 0 0 0.463718 
0 0 7.81849 0 0 0 0 0 0 0 0 0.181509 0 0 7.15654 0 0 0.84346 0 0 0 0 0 7.38757 0 0 0 0 0 0 0 0 0.612435 
0 0 7.77966 0 0.0442923 0 0 0 0 0 0 0.176053 0 0 6.87705 0 0 0.961925 0 0.161024 0 0 0 6.99662 0 0.128979 0 0.128979 0 0 0 0 0.745419 
0 0 7.76588 0 0.0617301 0 0 0 0 0 0 0.172392 0 0 6.67368 0 0 1.05488 0 0.271441 0 0 0 6.81838 0 0.209662 0 0.123741 0 0 0 0 0.848216 
0 0 7.75104 0 0.0796538 0 0 0 0 0 0 0.169301 0 0 6.50031 0 0 1.1324 0 0.367284 0 0 0 6.66856 0 0.276212 0 0.119113 0 0 0 0 0.936112 
0 0 7.73535 0 0.097994 0 0 0 0 0 0 0.16666 0 0 6.35038 0 0 1.19785 0 0.451767 0 0 0 6.54096 0 0.331742 0 0.114966 0 0 0 0 1.01233 
0 0 7.71893 0 0.116686 0 0 0 0 0 0 0.164384 0 0 6.21922 0 0 1.25361 0 0.527167 0 0 0 6.43117 0 0.378455 0 0.111209 0 0 0 0 1.07917 
0 0 7.70192 0 0.13567 0 0 0 0 0 0 0.162408 0 0 6.10337 0 0 1.30147 0 0.595155 0 0 0 6.33594 0 0.417969 0 0.107773 0 0 0 0 1.13832 
0 0 7.68442 0 0.154894 0 0 0 0 0 0 0.160684 0 0 6.00024 0 0 1.34277 0 0.656992 0 0 0 6.25282 0 0.451509 0 0.104609 0 0 0 0 1.19107 
0.000165807 0 7.60038 0.0126067 0.173824 0 0.0126067 0.0444722 0 0 0 0.15594 0.0453405 0 5.75125 0.0453405 0 1.36971 0.0763278 0.712036 0 0.021527 0 6.018 0.0803287 0.473954 0 0.0972618 0.0803287 0 0 0 1.2286 
0.000145844 0.0122998 7.47589 0.0119886 0.192762 0.044129 0.0117058 0.0443347 0.044129 0.00014375 0.0122998 0.150167 0.0425804 0.0705706 5.44254 0.0424045 0.0705706 1.37172 0.10361 0.753433 0.102571 0.0192105 0.0421532 5.69258 0.11101 0.485545 0.0741532 0.0866241 0.100322 0.0741532 0.0154942 0.0421532 1.2566 
0.000135243 0.0121775 7.3912 0.0118474 0.211838 0.0844478 0.0110375 0.0472379 0.0675055 0.000125149 0.0115729 0.150877 0.0401291 0.0862443 5.2859 0.0405826 0.0989856 1.35827 0.130215 0.776618 0.183053 0.0175273 0.0415892 5.56636 0.140912 0.478618 0.125483 0.0809243 0.117581 0.112811 0.0133571 0.0402978 1.26454 
0.000125389 0.0120337 7.30446 0.0117021 0.23028 0.123709 0.0104165 0.0511702 0.0913386 0.000109306 0.0109153 0.15374 0.0378872 0.100767 5.14655 0.0388421 0.123804 1.34219 0.154272 0.796374 0.25931 0.0160182 0.0410258 5.45668 0.168337 0.469672 0.172919 0.0758429 0.132528 0.147668 0.0115645 0.0384938 1.26925 
0.000116243 0.0118739 7.21739 0.0115524 0.248037 0.161785 0.00983962 0.0557627 0.115206 9.57445e-05 0.0103155 0.158025 0.035825 0.114289 5.02074 0.0371816 0.145784 1.32451 0.176269 0.813382 0.332016 0.0146597 0.0404569 5.35858 0.193713 0.460564 0.21713 0.0712668 0.14572 0.179479 0.0100499 0.0367562 1.27162 
0.000107762 0.0117022 7.13107 0.0113985 0.265084 0.198615 0.00930336 0.0607655 0.138845 8.40843e-05 0.00976532 0.163256 0.0339196 0.126924 4.9059 0.0355985 0.165459 1.30589 0.196497 0.828162 0.401653 0.0134328 0.0398798 5.26983 0.217342 0.451376 0.258589 0.0671147 0.157506 0.208778 0.00876266 0.0350921 1.2723 
9.99038e-05 0.0115217 7.04621 0.0112406 0.281417 0.234178 0.00880451 0.0660048 0.162084 7.40207e-05 0.00925813 0.169105 0.0321525 0.138762 4.80012 0.03409 0.183219 1.28678 0.215182 0.841102 0.468591 0.0123217 0.0392938 5.18878 0.239454 0.442166 0.297657 0.0633242 0.168143 0.235962 0.00766301 0.0335046 1.27173 
9.2626e-05 0.0113348 6.96325 0.0110792 0.297047 0.268482 0.00833998 0.0713601 0.184816 6.53052e-05 0.00878873 0.175339 0.0305089 0.149874 4.70198 0.0326529 0.199364 1.2675 0.232501 0.852494 0.533121 0.0113132 0.0386991 5.1142 0.260229 0.432979 0.334614 0.0598467 0.177823 0.261335 0.00671944 0.0319941 1.27025 
8.58874e-05 0.0111432 6.88249 0.0109147 0.311993 0.301547 0.00790697 0.0767474 0.206972 5.77335e-05 0.00835285 0.181793 0.028976 0.160322 4.61038 0.0312837 0.214124 1.24827 0.248596 0.862567 0.595479 0.0103962 0.0380966 5.04513 0.279811 0.423846 0.369684 0.0566429 0.186696 0.285138 0.00590656 0.030559 1.2681 
7.96491e-05 0.0109484 6.80406 0.0107475 0.326278 0.333407 0.00750287 0.0821087 0.228515 5.11367e-05 0.00794694 0.18835 0.0275434 0.170159 4.52445 0.0299792 0.227682 1.22924 0.263589 0.8715 0.65586 0.00956105 0.0374872 4.98081 0.298318 0.414792 0.403052 0.0536806 0.19488 0.30756 0.0052038 0.029197 1.26546 
7.38744e-05 0.0107515 6.72807 0.010578 0.339929 0.3641 0.0071253 0.0874042 0.249426 4.53742e-05 0.00756801 0.194925 0.0262017 0.179431 4.44349 0.0287361 0.240187 1.21051 0.27758 0.879439 0.714426 0.00879929 0.0368725 4.92065 0.315849 0.405835 0.434869 0.0509333 0.202469 0.328758 0.00459425 0.0279051 1.26247 
6.85288e-05 0.0105534 6.65453 0.0104068 0.352974 0.39367 0.00677211 0.0926071 0.269701 4.03279e-05 0.00721349 0.20146 0.0249431 0.188179 4.36694 0.0275512 0.251759 1.19215 0.290654 0.886502 0.771318 0.0081036 0.0362536 4.86415 0.332487 0.39699 0.465264 0.0483785 0.209539 0.348859 0.004064 0.0266802 1.25923 
6.35801e-05 0.0103549 6.58343 0.0102342 0.365441 0.422158 0.00644134 0.0976999 0.289345 3.58989e-05 0.00688118 0.207913 0.0237605 0.196438 4.29434 0.0264215 0.262497 1.17421 0.302888 0.892788 0.826655 0.00746754 0.0356319 4.81091 0.348305 0.388268 0.494347 0.045997 0.216152 0.36797 0.00360148 0.0255187 1.25583 
5.89985e-05 0.0101566 6.51473 0.0100606 0.377358 0.44961 0.00613121 0.102672 0.308368 3.20033e-05 0.00656914 0.214256 0.022648 0.204241 4.2253 0.0253441 0.272485 1.15672 0.314347 0.898377 0.880543 0.00688537 0.0350086 4.7606 0.363365 0.379676 0.522213 0.0437724 0.222361 0.386181 0.00319701 0.0244173 1.25233 
5.47563e-05 0.00995904 6.44837 0.00988645 0.388751 0.476068 0.00584011 0.107516 0.326786 2.857e-05 0.00627568 0.220469 0.0215999 0.211616 4.15948 0.0243163 0.281795 1.13969 0.325089 0.903341 0.933072 0.00635204 0.0343849 4.71293 0.377722 0.37122 0.548944 0.0416903 0.228209 0.40357 0.00284248 0.0233726 1.24876 
5.08277e-05 0.00976252 6.38427 0.00971195 0.399647 0.501573 0.00556656 0.112232 0.344617 2.55385e-05 0.00599931 0.22654 0.0206114 0.218591 4.09662 0.0233355 0.290486 1.12313 0.335166 0.907739 0.984327 0.00586301 0.0337619 4.66766 0.391423 0.362905 0.574614 0.0397383 0.233734 0.420202 0.00253105 0.0223815 1.24518 
4.7189e-05 0.00956742 6.32238 0.00953747 0.410071 0.526167 0.00530924 0.116817 0.361879 2.28571e-05 0.0057387 0.232463 0.0196782 0.225188 4.03646 0.0223993 0.298611 1.10704 0.344624 0.911622 1.03438 0.00541425 0.0331406 4.6246 0.404513 0.354733 0.599286 0.0379053 0.238969 0.436136 0.00225693 0.0214408 1.24161 
4.38184e-05 0.00937402 6.26261 0.00936328 0.420045 0.549887 0.00506695 0.121275 0.378594 2.04812e-05 0.00549264 0.238233 0.0187962 0.23143 3.9788 0.0215053 0.306216 1.09142 0.353505 0.915036 1.08329 0.00500213 0.0325219 4.58355 0.417029 0.346708 0.623018 0.0361816 0.24394 0.451422 0.00201517 0.0205476 1.23807 
4.06954e-05 0.00918256 6.20487 0.00918964 0.429592 0.572769 0.00483857 0.125607 0.394781 1.83729e-05 0.00526007 0.24385 0.017962 0.237337 3.92343 0.0206514 0.31334 1.07628 0.361846 0.918018 1.13113 0.00462339 0.0319065 4.54436 0.429006 0.338831 0.645862 0.0345586 0.248671 0.466104 0.00180159 0.0196992 1.23457 
3.78015e-05 0.00899321 6.1491 0.00901677 0.438733 0.594848 0.00462312 0.129818 0.410461 1.64992e-05 0.00504003 0.249316 0.0171722 0.242928 3.87018 0.0198356 0.320019 1.06163 0.369682 0.920605 1.17795 0.0042751 0.0312952 4.50691 0.440477 0.331101 0.667865 0.0330285 0.253184 0.480223 0.00161257 0.0188929 1.23114 
3.51193e-05 0.00880614 6.0952 0.00884488 0.447488 0.616158 0.00441966 0.133911 0.425653 1.48315e-05 0.00483164 0.254635 0.0164239 0.248218 3.81892 0.0190559 0.326283 1.04745 0.377045 0.922826 1.22379 0.00395462 0.0306886 4.47106 0.451468 0.323519 0.689068 0.0315843 0.257497 0.493812 0.00144502 0.0181263 1.22778 
3.26329e-05 0.00862147 6.04311 0.00867417 0.455874 0.636729 0.00422736 0.137893 0.440378 1.33453e-05 0.0046341 0.25981 0.0157144 0.253224 3.76951 0.0183105 0.332161 1.03371 0.383963 0.924709 1.2687 0.00365955 0.0300874 4.43671 0.462007 0.316085 0.70951 0.0302197 0.261627 0.506903 0.00129628 0.017397 1.2245 
3.03275e-05 0.00843931 5.99275 0.00850479 0.46391 0.65659 0.00404547 0.141767 0.454655 1.20192e-05 0.00444669 0.264845 0.0150412 0.25796 3.72186 0.0175977 0.337677 1.0204 0.390462 0.926277 1.31272 0.00338772 0.0294919 4.40377 0.472118 0.308798 0.729226 0.0289291 0.265586 0.519525 0.00116405 0.016703 1.2213 
2.81896e-05 0.00825975 5.94406 0.0083369 0.471612 0.67577 0.00387327 0.145538 0.4685 1.08344e-05 0.00426875 0.269747 0.0144021 0.262441 3.67586 0.0169159 0.342853 1.00751 0.396566 0.927555 1.3559 0.00313718 0.0289027 4.37215 0.481822 0.301658 0.748249 0.0277074 0.26939 0.531703 0.00104633 0.0160422 1.21819 
2.62067e-05 0.00808286 5.89695 0.00817064 0.478995 0.694294 0.00371013 0.14921 0.481932 9.77459e-06 0.00409967 0.27452 0.0137948 0.266677 3.63142 0.0162635 0.347711 0.995016 0.402298 0.92856 1.39826 0.00290614 0.0283201 4.34177 0.491139 0.294662 0.766609 0.0265497 0.27305 0.543462 0.000941403 0.0154127 1.21518 
2.43672e-05 0.00790868 5.85137 0.00800611 0.486073 0.712187 0.00355545 0.15279 0.494967 8.82561e-06 0.00393889 0.27917 0.0132176 0.270681 3.58845 0.0156391 0.352269 0.9829 0.40768 0.929313 1.43985 0.00269298 0.0277444 4.31256 0.50009 0.28781 0.784332 0.0254519 0.276575 0.554822 0.000847755 0.0148128 1.21226 
2.26604e-05 0.00773727 5.80726 0.00784343 0.49286 0.729471 0.00340868 0.156281 0.507619 7.97495e-06 0.00378591 0.283702 0.0126685 0.274464 3.5469 0.0150414 0.356545 0.971148 0.412729 0.929829 1.48068 0.00249623 0.0271761 4.28446 0.50869 0.2811 0.801446 0.0244101 0.279976 0.565803 0.000764077 0.0142408 1.20944 
2.10764e-05 0.00756865 5.76456 0.00768269 0.499368 0.74617 0.00326934 0.159687 0.519905 7.21165e-06 0.00364023 0.288122 0.012146 0.278036 3.50667 0.0144691 0.360552 0.959747 0.417464 0.930124 1.52079 0.00231455 0.0266152 4.25741 0.516957 0.27453 0.817973 0.0234206 0.283262 0.576423 0.000689225 0.0136952 1.20671 
1.96061e-05 0.00740285 5.72321 0.00752397 0.505611 0.762304 0.00313695 0.163013 0.531838 6.52607e-06 0.00350144 0.292434 0.0116485 0.281406 3.46771 0.013921 0.364307 0.948683 0.421902 0.930212 1.56021 0.00214671 0.0260619 4.23135 0.524905 0.268098 0.833936 0.0224801 0.28644 0.586698 0.000622196 0.0131745 1.20409 
1.82412e-05 0.00723988 5.68316 0.00736734 0.511598 0.777892 0.00301108 0.166263 0.543432 5.90972e-06 0.00336913 0.296644 0.0111745 0.284584 3.42996 0.0133958 0.367822 0.937942 0.426057 0.930105 1.59896 0.0019916 0.0255166 4.20624 0.532549 0.261803 0.849357 0.0215856 0.289518 0.596645 0.000562109 0.0126773 1.20155 
1.69739e-05 0.00707974 5.64436 0.00721285 0.517342 0.792953 0.00289135 0.16944 0.554699 5.35512e-06 0.00324291 0.300756 0.0107228 0.287577 3.39335 0.0128926 0.371109 0.927511 0.429946 0.929817 1.63707 0.0018482 0.0249793 4.18203 0.539902 0.255643 0.864254 0.0207343 0.292502 0.606278 0.000508195 0.0122025 1.19912 
1.57969e-05 0.00692245 5.60676 0.00706057 0.522851 0.807506 0.00277738 0.172549 0.565651 4.85566e-06 0.00312244 0.304777 0.0102921 0.290394 3.35785 0.0124103 0.37418 0.917379 0.43358 0.929357 1.67456 0.00171557 0.0244501 4.15867 0.546976 0.249616 0.878646 0.0199237 0.295399 0.615609 0.000459772 0.0117488 1.19678 
1.47036e-05 0.00676798 5.57032 0.00691052 0.528136 0.821566 0.00266883 0.175593 0.5763 4.40547e-06 0.00300741 0.308709 0.0098812 0.293042 3.3234 0.0119479 0.377045 0.907535 0.436974 0.928737 1.71144 0.00159286 0.0239291 4.13614 0.553783 0.243719 0.89255 0.0191512 0.298213 0.624651 0.000416242 0.011315 1.19454 
1.3688e-05 0.00661635 5.53499 0.00676276 0.533205 0.835151 0.0025654 0.178575 0.586657 3.99939e-06 0.0028975 0.312558 0.0094891 0.295528 3.28995 0.0115045 0.379715 0.897966 0.440139 0.927965 1.74774 0.0014793 0.0234164 4.11438 0.560334 0.23795 0.905983 0.0184148 0.300951 0.633417 0.000377077 0.0109002 1.19239 
1.27444e-05 0.00646752 5.50074 0.00661731 0.538067 0.848274 0.00246678 0.181499 0.596732 3.6328e-06 0.00279243 0.316327 0.00911477 0.297859 3.25746 0.0110792 0.382198 0.888663 0.443085 0.927051 1.78349 0.00137415 0.022912 4.09338 0.566639 0.232308 0.918961 0.0177122 0.303616 0.641915 0.000341809 0.0105033 1.19034 
1.18674e-05 0.00632149 5.46752 0.00647419 0.542731 0.860951 0.0023727 0.184367 0.606535 3.30163e-06 0.00269195 0.320022 0.00875725 0.30004 3.2259 0.0106712 0.384503 0.879616 0.445825 0.926003 1.81868 0.00127678 0.0224161 4.07309 0.572708 0.22679 0.931498 0.0170417 0.306214 0.650158 0.000310026 0.0101235 1.18838 
1.10523e-05 0.00617823 5.43529 0.00633342 0.547204 0.873196 0.00228291 0.187183 0.616076 3.00224e-06 0.00259581 0.323645 0.00841566 0.302079 3.19522 0.0102798 0.386638 0.870816 0.448367 0.924829 1.85336 0.00118657 0.0219285 4.05348 0.578551 0.221394 0.943607 0.0164015 0.308748 0.658154 0.000281361 0.00975989 1.18651 
2764.22