Routes for this network:
0 1 2 3 
0 1 3 
0 2 1 3 
0 2 3 

1 0 2 3 
1 2 3 
1 3 

2 0 1 3 
2 1 3 
2 3 

1 0 2 
1 2 
1 3 2 

Maintenance StartTime
0 25
1 35
2 15
ArcFlowsAll_t,v,w
0 5.23955 4.76045 0 
0 0 10.3527 14.8868 
0 0 0 15.1132 
0 0 0 0 

0 5.24034 4.75966 0 
0 0 10.3519 14.8885 
0 0 0 15.1115 
0 0 0 0 

0 5.24111 4.75889 0 
0 0 10.351 14.8901 
0 0 0 15.1099 
0 0 0 0 

0 5.24187 4.75813 0 
0 0 10.3501 14.8917 
0 0 0 15.1083 
0 0 0 0 

0 5.24262 4.75738 0 
0 0 10.3493 14.8933 
0 0 0 15.1067 
0 0 0 0 

0 5.24335 4.75665 0 
0 0 10.3484 14.8949 
0 0 0 15.1051 
0 0 0 0 

0 5.24407 4.75593 0 
0 0 10.3476 14.8965 
0 0 0 15.1035 
0 0 0 0 

0 5.24478 4.75522 0 
0 0 10.3467 14.898 
0 0 0 15.102 
0 0 0 0 

0 5.24548 4.75452 0 
0 0 10.3459 14.8996 
0 0 0 15.1004 
0 0 0 0 

0 5.24617 4.75383 0 
0 0 10.3451 14.9011 
0 0 0 15.0989 
0 0 0 0 

0 5.24684 4.75316 0 
0 0 10.3442 14.9026 
0 0 0 15.0974 
0 0 0 0 

0 5.24751 4.75249 0 
0 0 10.3434 14.9041 
0 0 0 15.0959 
0 0 0 0 

0 5.24816 4.75184 0 
0 0 10.3426 14.9056 
0 0 0 15.0944 
0 0 0 0 

0 5.2488 4.7512 0 
0 0 10.3418 14.907 
0 0 0 15.093 
0 0 0 0 

0 5.24943 4.75057 0 
0 0 10.3409 14.9085 
0 0 0 15.0915 
0 0 0 0 

0 5.23674 14.8338 0 
10.0705 0 0 15.1662 
0 0 0 14.8338 
0 0 0 0 

0 5.2441 14.776 0 
10.0201 0 0 15.224 
0 0 0 14.8264 
0 0 0.0503966 0 

0 5.25167 14.719 0 
9.97062 0 0 15.281 
0 0 0 14.8189 
0 0 0.0999202 0 

0 5.25945 14.6625 0 
9.92195 0 0 15.3375 
0 0 0 14.8111 
0 0 0.148597 0 

0 5.26744 14.6067 0 
9.87409 0 0 15.3933 
0 0 0 14.8031 
0 0 0.196452 0 

0 5.27564 14.5514 0 
9.82703 0 0 15.4486 
0 0 0 14.7949 
0 0 0.243509 0 

0 5.28404 14.4967 0 
9.78075 0 0 15.5033 
0 0 0 14.7865 
0 0 0.289791 0 

0 5.29266 14.4426 0 
9.73522 0 0 15.5574 
0 0 0 14.7779 
0 0 0.33532 0 

0 5.30147 14.389 0 
9.69043 0 0 15.611 
0 0 0 14.7691 
0 0 0.380117 0 

0 5.3105 14.3358 0 
9.64634 0 0 15.6642 
0 0 0 14.76 
0 0 0.424201 0 

0 0 10 0 
0 0 9.64634 15.6734 
0 5.31972 0 14.7508 
0 0 0.424201 0 

0 0 10 0 
0 0 9.65281 15.6782 
0 5.331 0 14.7564 
0 0 0.434548 0 

0 0 10 0 
0 0 9.65932 15.683 
0 5.3423 0 14.7619 
0 0 0.444869 0 

0 0 10 0 
0 0 9.66588 15.6877 
0 5.35362 0 14.7674 
0 0 0.455162 0 

0 0 10 0 
0 0 9.67249 15.6925 
0 5.36495 0 14.773 
0 0 0.465428 0 

0 0 10 0 
0 0 9.67914 15.6971 
0 5.37629 0 14.7785 
0 0 0.475667 0 

0 0 10 0 
0 0 9.68584 15.7018 
0 5.38765 0 14.7841 
0 0 0.485878 0 

0 0 10 0 
0 0 9.69259 15.7064 
0 5.39902 0 14.7896 
0 0 0.496063 0 

0 0 10 0 
0 0 9.69939 15.711 
0 5.4104 0 14.7952 
0 0 0.50622 0 

0 0 10 0 
0 0 9.70623 15.7156 
0 5.42179 0 14.8008 
0 0 0.51635 0 

0 10 0 0 
0 0 10.6652 19.5329 
0 0.19815 0 10.9935 
0 0 0.526452 0 

0 10 0 0 
0 0 10.7106 19.5551 
0 0.265729 0 10.9792 
0 0 0.534317 0 

0 10 0 0 
0 0 10.7562 19.5769 
0 0.333097 0 10.9652 
0 0 0.542052 0 

0 10 0 0 
0 0 10.802 19.5983 
0 0.400244 0 10.9514 
0 0 0.549656 0 

0 10 0 0 
0 0 10.8478 19.6193 
0 0.467161 0 10.9378 
0 0 0.557128 0 

0 10 0 0 
0 0 10.8939 19.64 
0 0.53384 0 10.9245 
0 0 0.564465 0 

0 10 0 0 
0 0 10.94 19.6602 
0 0.60027 0 10.9114 
0 0 0.571666 0 

0 10 0 0 
0 0 10.9863 19.6801 
0 0.666442 0 10.8986 
0 0 0.578729 0 

0 10 0 0 
0 0 11.0327 19.6996 
0 0.732348 0 10.886 
0 0 0.585653 0 

0 10 0 0 
0 0 11.0792 19.7188 
0 0.797978 0 10.8737 
0 0 0.592436 0 

RecurrentPathTraffic_t,od,path
0 4.19164 0 3.80836 0 0.282174 7.71783 0 0 8 0 8 0 
0 4.19243 0 3.80757 0 0.281309 7.71869 0 0 8 0 8 0 
0 4.1932 0 3.8068 0 0.280447 7.71955 0 0 8 0 8 0 
0 4.19396 0 3.80604 0 0.27959 7.72041 0 0 8 0 8 0 
0 4.19471 0 3.80529 0 0.278736 7.72126 0 0 8 0 8 0 
0 4.19544 0 3.80456 0 0.277885 7.72211 0 0 8 0 8 0 
0 4.19616 0 3.80384 0 0.277038 7.72296 0 0 8 0 8 0 
0 4.19687 0 3.80313 0 0.276195 7.72381 0 0 8 0 8 0 
0 4.19757 0 3.80243 0 0.275355 7.72465 0 0 8 0 8 0 
0 4.19826 0 3.80174 0 0.274519 7.72548 0 0 8 0 8 0 
0 4.19893 0 3.80107 0 0.273686 7.72631 0 0 8 0 8 0 
0 4.1996 0 3.8004 0 0.272856 7.72714 0 0 8 0 8 0 
0 4.20025 0 3.79975 0 0.27203 7.72797 0 0 8 0 8 0 
0 4.20089 0 3.79911 0 0.271207 7.72879 0 0 8 0 8 0 
0 4.20152 0 3.79848 0 0.270387 7.72961 0 0 8 0 8 0 
0 4.18883 0 3.81117 0 0 8 0 0 8 8 0 0 
0 4.19619 0 3.80381 0 0 8 0 0 8 7.9496 0 0.0503966 
0 4.20376 0 3.79624 0 0 8 0 0 8 7.90008 0 0.0999202 
0 4.21154 0 3.78846 0 0 8 0 0 8 7.8514 0 0.148597 
0 4.21953 0 3.78047 0 0 8 0 0 8 7.80355 0 0.196452 
0 4.22773 0 3.77227 0 0 8 0 0 8 7.75649 0 0.243509 
0 4.23613 0 3.76387 0 0 8 0 0 8 7.71021 0 0.289791 
0 4.24475 0 3.75525 0 0 8 0 0 8 7.66468 0 0.33532 
0 4.25356 0 3.74644 0 0 8 0 0 8 7.61988 0 0.380117 
0 4.26259 0 3.73741 0 0 8 0 0 8 7.5758 0 0.424201 
0 0 4.27181 3.72819 0 0 8 0 0 8 0 7.5758 0.424201 
0 0 4.26326 3.73674 0 0.0168141 7.98319 0 0.0198284 7.98017 0 7.56545 0.434548 
0 0 4.25474 3.74526 0 0.0336479 7.96635 0 0.039655 7.96035 0 7.55513 0.444869 
0 0 4.24623 3.75377 0 0.0505015 7.9495 0 0.0594794 7.94052 0 7.54484 0.455162 
0 0 4.23774 3.76226 0 0.0673747 7.93263 0 0.0793011 7.9207 0 7.53457 0.465428 
0 0 4.22926 3.77074 0 0.0842675 7.91573 0 0.0991197 7.90088 0 7.52433 0.475667 
0 0 4.2208 3.7792 0 0.10118 7.89882 0 0.118935 7.88107 0 7.51412 0.485878 
0 0 4.21236 3.78764 0 0.118112 7.88189 0 0.138746 7.86125 0 7.50394 0.496063 
0 0 4.20394 3.79606 0 0.135063 7.86494 0 0.158552 7.84145 0 7.49378 0.50622 
0 0 4.19553 3.80447 0 0.152033 7.84797 0 0.178354 7.82165 0 7.48365 0.51635 
0 8 0 0 0 0.169023 7.83098 0 0.19815 7.80185 0 7.47355 0.526452 
0.0531552 7.94684 0 0 0 0.16916 7.83084 0 0.265729 7.73427 0 7.46568 0.534317 
0.106257 7.89374 0 0 0 0.16938 7.83062 0 0.333097 7.6669 0 7.45795 0.542052 
0.159294 7.84071 0 0 0 0.169687 7.83031 0 0.400244 7.59976 0 7.45034 0.549656 
0.212255 7.78775 0 0 0 0.170084 7.82992 0 0.467161 7.53284 0 7.44287 0.557128 
0.265127 7.73487 0 0 0 0.170573 7.82943 0 0.53384 7.46616 0 7.43554 0.564465 
0.3179 7.6821 0 0 0 0.171159 7.82884 0 0.60027 7.39973 0 7.42833 0.571666 
0.370562 7.62944 0 0 0 0.171843 7.82816 0 0.666442 7.33356 0 7.42127 0.578729 
0.423102 7.5769 0 0 0 0.172628 7.82737 0 0.732348 7.26765 0 7.41435 0.585653 
0.475509 7.52449 0 0 0 0.173518 7.82648 0 0.797978 7.20202 0 7.40756 0.592436 
980.858